0	0	0	0	0	1.2739e-06	5.7441e-07	8.5873e-07	4.7549e-07	4.0381e-07	0	0	0	0	0	0	0	0	0	0	0	0	0	0	0	0	0	0	0	0	0	0	0	0	0	0	0	0	0	0	-0	0	-0	-0	1.9073e-06	-4.8131e-07	-2.3065e-07	-0	0	0	0	0	0	0	0	0	0	0	0	0	0	0	0	0	0	0	0	0	0	0	0	0	0	0	0	0	0	0	0	0	0	0	0	0	0	1.0739e-06	1.0211e-06	1.1044e-06	0	0	0	0	0	0	0	0	0	0	0	0
0	0	0	0	0	0	5.0404e-07	3.9103e-07	3.2957e-07	3.3284e-07	0	0	0	0	0	0	0	0	0	0	0	0	0	0	0	0	0	0	0	0	0	0	0	0	0	0	0	0	0	-0	-0	-0	-0	-0	-5.0902e-07	-4.8877e-07	-3.4726e-07	-0	-0	0	0	0	0	0	0	0	0	0	0	0	0	0	0	0	0	0	0	0	0	0	0	0	0	0	0	0	0	0	0	0	0	0	0	0	0	9.6349e-07	9.8761e-07	0	0	0	0	0	0	0	0	0	0	0	0	0
0	0	0	0	0	0	3.9463e-07	2.4045e-07	1.9672e-07	2.2628e-07	0	0	0	0	0	0	0	0	0	0	0	0	0	0	0	0	0	0	0	0	0	0	0	0	0	0	0	0	-0	-0	-0	-0	-0	-0	-5.6431e-07	-4.3678e-07	-4.3395e-07	-0	-0	-0	0	0	0	0	0	0	0	0	0	0	0	0	0	0	0	0	0	0	0	0	0	0	0	0	0	0	0	0	0	0	0	0	0	0	0	1.1572e-06	1.0805e-06	0	0	0	0	0	0	0	0	0	0	0	0	0
0	0	0	0	0	0	4.7954e-07	1.5158e-07	9.3234e-08	1.1475e-07	0	0	0	0	0	0	0	0	0	0	0	0	0	0	0	0	0	0	0	0	0	0	0	0	0	0	0	0	0	-0	-0	-4.4318e-07	-5.0193e-07	-5.462e-07	-6.7118e-07	-6.3949e-07	-6.3174e-07	-6.1978e-07	-0	0	-0	0	0	0	0	0	0	0	0	0	0	0	0	0	0	0	0	0	0	0	0	0	0	0	0	0	0	0	0	0	0	0	0	0	0	9.6148e-07	9.5307e-07	0	0	0	0	0	0	0	0	0	0	0	0	0
0	0	0	0	0	0	1.3301e-06	5.539e-08	-1.9686e-08	-7.2987e-09	0	0	0	0	0	0	0	0	0	0	0	0	0	0	0	0	0	0	0	0	0	0	0	0	0	0	-0	-0	-0	-0	-5.4173e-07	-5.7951e-07	-6.3248e-07	-6.6371e-07	-7.1787e-07	-7.1559e-07	-7.0486e-07	-5.1478e-07	-5.5721e-07	-0	-0	-0	-0	0	0	0	0	0	0	0	0	0	0	0	0	0	0	0	0	0	0	0	0	0	0	0	0	0	0	0	0	0	0	0	0	8.2482e-07	2.4145e-06	0	0	0	0	0	0	0	0	0	0	0	0	0
0	0	0	0	0	0	1.5603e-07	5.1387e-08	2.8239e-08	1.0066e-06	-0	0	0	0	0	0	0	0	0	0	0	0	0	0	0	0	0	0	0	0	0	0	0	-0	-0	-0	-0	-0	9.9674e-07	1.3151e-06	1.616e-06	1.5684e-06	1.2598e-06	1.1531e-06	1.1248e-06	1.4275e-06	4.2681e-08	9.9953e-07	-7.3243e-07	-7.5178e-07	-0	-0	-0	-0	0	0	0	0	0	0	0	0	0	0	0	0	0	0	0	0	0	0	0	0	0	0	0	0	0	0	0	0	0	0	0	7.5396e-07	8.1038e-07	0	0	0	0	0	0	0	0	0	0	0	0	0
0	0	0	0	0	0	-4.9059e-08	1.8872e-06	2.2502e-07	1.5668e-06	-0	-0	0	-0	-0	0	0	0	0	0	0	0	0	0	0	0	0	0	0	0	0	0	-0	-0	0	-0	-0	-6.7774e-07	1.5744e-06	1.1655e-06	-8.2933e-07	-8.0786e-07	-7.3098e-07	1.6279e-06	2.3607e-07	-0	0	-8.1021e-07	-7.9892e-07	-6.7293e-07	-7.2459e-07	-4.1175e-07	-0	-0	0	0	0	0	0	0	0	0	0	0	0	0	0	0	0	0	0	0	0	0	0	0	0	0	0	0	0	0	0	0	0	7.2698e-07	7.3687e-07	0	0	0	0	0	0	0	0	0	0	0	0	0
0	0	0	0	0	0	-0	-2.3293e-07	7.0205e-07	1.0282e-06	-0	-0	-0	-0	-0	-0	-0	-0	-0	-0	0	0	0	0	-0	-0	0	0	-0	0	-0	-0	-0	-0	0	-2.6283e-07	-6.0151e-07	-6.0549e-07	-6.5872e-07	-7.4042e-07	-7.7362e-07	-7.6291e-07	-0	-0	-0	-0	-0	-0	-0	-0	-7.7045e-07	-6.1194e-07	-6.5031e-07	-0	-0	-0	-0	0	0	0	0	0	0	0	0	0	0	0	0	0	0	0	0	0	0	0	0	0	0	0	0	0	0	0	0	6.0447e-07	7.9245e-07	0	0	0	0	0	0	0	0	0	0	0	0	0
0	0	0	0	0	-0	-0	-4.4091e-07	-4.9644e-07	-5.9965e-07	-6.6973e-07	-0	-0	-0	-0	-0	-0	-0	-0	-0	-0	-0	-0	-0	-0	-0	-0	-0	-0	-0	0	-0	-0	0	-7.7395e-07	-8.4351e-07	-7.8383e-07	-8.4044e-07	-8.2836e-07	-5.5196e-07	-0	-0	-0	-0	-0	-0	-0	-0	-0	-0	-0	-7.6828e-07	-8.0705e-07	-8.3652e-07	-7.5229e-07	-0	-0	-0	-0	-0	0	0	0	0	0	0	0	0	0	0	0	0	0	0	0	0	0	0	0	0	0	0	0	0	0	6.6021e-07	0	0	0	0	0	0	0	0	0	0	0	0	0	0
0	0	0	0	-0	-0	-0	-5.1631e-07	-6.3544e-07	-7.1131e-07	-7.4221e-07	-0	-0	-0	-0	-0	-0	-0	-0	-0	-0	-0	-0	-0	-0	-0	0	-0	-0	-0	-0	-0	-7.6683e-07	-8.4616e-07	-1.8778e-07	-8.9085e-07	-8.6114e-07	8.31e-07	-6.8227e-07	-0	-0	-0	-0	-0	-0	-0	-0	-0	-0	-0	-0	-0	-8.0131e-07	-7.2164e-07	-7.6015e-07	-7.7809e-07	-0	-0	-0	-0	-0	0	0	0	0	0	0	0	0	0	0	0	0	0	0	0	0	0	0	0	0	0	0	0	0	0	0	0	0	0	0	0	0	0	0	0	0	0	0	0
0	0	0	0	-0	-0	-3.8161e-07	-3.8521e-07	-4.0074e-07	-7.4704e-07	-5.1159e-07	-8.2601e-07	-0	-0	-0	-0	-0	-0	-0	-0	-0	-0	-0	-0	-0	-0	-0	-0	-0	-0	-0	-7.3548e-07	-8.7546e-07	-9.1893e-07	-8.9203e-07	-6.9941e-07	-6.9168e-07	-0	-0	-0	-0	-0	-0	-0	-0	-0	-0	-0	-0	-0	-0	-0	-0	-7.192e-07	-7.8423e-07	-8.0988e-07	-8.0461e-07	-6.3131e-07	-6.5265e-07	-0	-0	-0	-0	0	0	0	0	0	0	0	0	0	0	0	0	0	0	0	0	0	0	0	0	0	0	0	0	0	0	0	0	0	0	0	0	0	0	0	0	0
0	0	-0	-0	-0	-5.2574e-07	-5.9986e-07	-6.4733e-07	-7.4619e-07	-7.3978e-07	-8.5344e-07	-8.2483e-07	-8.8274e-07	-9.3009e-07	-9.5101e-07	-0	-0	-0	-0	-0	-0	-0	0	-0	-0	-0	-0	-0	-0	-9.8883e-07	-1.037e-06	-1.1017e-06	-1.1389e-06	-1.074e-06	-8.7004e-07	-8.8139e-07	-0	-0	-0	-0	-0	-0	-0	-0	-0	-0	-0	-0	-0	-0	0	-0	-0	-0	-0	-8.5844e-07	-8.1505e-07	-8.1064e-07	-8.5848e-07	-8.5024e-07	-6.9298e-07	-0	0	-0	0	-0	0	0	0	0	0	0	0	0	0	0	0	0	0	0	0	0	0	0	3.137e-07	3.5422e-07	0	0	0	0	0	0	0	0	0	0	0	0	0	0
0	0	-0	0	-3.7615e-07	-3.3386e-07	-7.0727e-07	-7.3108e-07	-7.8676e-07	-8.221e-07	-5.8973e-07	-5.9991e-07	-6.8765e-07	-0	-7.6946e-07	-1.0439e-06	-8.1357e-07	-1.0991e-06	-9.8984e-07	-1.0246e-06	-1.059e-06	-1.0435e-06	-1.1044e-06	-0	-0	-0	-0	-1.2798e-06	-1.268e-06	-1.0919e-06	-1.1417e-06	-1.1773e-06	-1.1464e-06	-9.7084e-07	-0	0	-0	-0	-0	-0	-0	-0	-0	-0	0	0	0	-0	0	0	-0	-0	-0	-0	-0	-0	-8.4628e-07	-9.2166e-07	-9.5648e-07	-7.35e-07	-8.2682e-07	-8.2875e-07	-7.7278e-07	-0	-0	-0	-0	-0	-0	0	0	0	0	0	0	0	0	0	0	0	0	0	0	0	1.8749e-07	4.174e-07	0	0	0	0	0	0	0	0	0	0	0	0	0	0
0	-0	-3.2248e-07	-4.1575e-07	-4.6408e-07	-5.328e-07	-5.1559e-07	-5.763e-07	-6.2538e-07	-6.5003e-07	-0	-0	-0	-0	-0	-8.983e-07	-9.4889e-07	-1.0501e-06	-1.0015e-06	-1.0983e-06	-1.1812e-06	-1.1164e-06	-0	-8.6474e-07	-1.0207e-06	-1.0793e-06	-1.3591e-06	-1.4044e-06	-1.0964e-06	-1.1912e-06	-1.2735e-06	-9.8449e-07	0	-0	-0	-0	-0	-0	-0	0	-0	0	0	0	0	0	0	0	0	-0	-0	-0	-0	-0	-0	-0	-0	-8.4456e-07	-8.6761e-07	-9.0851e-07	-9.4357e-07	-9.7369e-07	-9.4283e-07	-7.2922e-07	-7.6674e-07	-0	-0	-0	-0	-0	-0	-0	-0	0	0	0	0	0	0	0	0	0	0	0	3.6989e-07	2.4765e-07	0	0	0	0	0	0	0	0	0	0	0	0	0	0
-1.0666e-07	-0	-1.8768e-07	-4.7811e-07	-3.1731e-07	-3.576e-07	-4.2329e-07	-0	-0	-0	-0	-0	-0	-0	-0	-0	-0	-0	-0	-0	-0	-1.0454e-06	-7.4906e-07	-8.1803e-07	-0	-1.0741e-06	-1.1841e-06	-1.1634e-06	-1.5291e-06	-1.4024e-06	-1.3764e-06	0	-0	-0	-0	0	0	0	-0	-0	0	0	0	0	0	0	0	0	0	0	0	0	-0	-0	-0	-0	-0	-0	-0	-9.6372e-07	-1.0247e-06	-1.0621e-06	-1.0521e-06	-9.6445e-07	-9.5291e-07	-0	-0	-0	-0	-0	-0	-0	-0	-0	-0	-0	-0	-0	0	0	-0	-0	-0	0	1.2757e-07	1.459e-07	0	0	0	0	0	0	0	0	0	0	0	0	0	0
-2.5788e-07	-2.7713e-07	-3.3109e-07	-3.6359e-07	-3.8146e-07	-0	0	-0	-0	-0	-0	-0	-0	-0	-0	-0	-0	-0	-0	-0	-0	-0	-0	-0	-0	-0	-1.4135e-06	-1.473e-06	-1.589e-06	-0	-0	-0	-0	-0	-0	-0	-0	-0	-0	-0	0	0	0	0	0	0	0	0	0	0	0	0	-0	-0	-0	-0	-0	-0	-0	-8.6461e-07	-9.3542e-07	-9.1708e-07	-6.6565e-07	-1.0721e-06	-1.0309e-06	-8.9253e-07	-8.9047e-07	-0	-0	-6.9503e-07	-0	-0	-0	-0	-0	-0	-0	-0	-0	-0	-0	-0	0	0	-4.9348e-08	6.1241e-07	0	0	0	0	0	0	0	0	0	0	0	0	0	0
-3.8378e-07	-3.6483e-07	-3.5577e-07	-0	-0	0	-0	-0	0	0	0	0	0	-0	-0	0	0	-0	-0	-0	-0	-0	-0	-0	-0	-0	-1.4581e-06	-1.5804e-06	-1.5853e-06	-0	-0	-0	-0	-0	-0	-0	-0	-0	-0	0	0	0	0	0	0	0	0	0	0	0	0	0	-0	-0	-0	-0	-0	-0	-0	-0	-7.9111e-07	-8.263e-07	-1.0492e-06	-8.9217e-07	-9.7468e-07	-9.7761e-07	-9.4069e-07	-7.7521e-07	-8.1801e-07	-8.1149e-07	-7.6812e-07	-6.1813e-07	-6.5052e-07	-6.6998e-07	-6.2534e-07	-4.5535e-07	-5.0196e-07	-0	-0	-0	-0	-0	-0	-1.4969e-07	-8.7009e-08	4.6793e-08	0	0	0	0	0	0	0	0	0	0	0	0	0	0
-3.186e-07	-2.8088e-07	0	0	0	0	0	0	0	0	0	0	0	0	0	0	0	-0	-0	-0	-0	-0	-0	-0	-0	-0	-0	-1.6026e-06	-1.5343e-06	-0	-0	-0	-0	-0	-0	0	-0	-0	0	0	0	0	0	0	0	0	0	0	0	0	0	0	0	0	0	-0	-0	-0	-0	-5.388e-07	-8.6291e-07	-9.3377e-07	-9.579e-07	-7.0236e-07	-7.6693e-07	-0	-0	-0	-0	-6.1997e-07	-6.7899e-07	-6.9582e-07	-6.7178e-07	-4.6096e-07	-5.5417e-07	-5.7518e-07	-5.5415e-07	-3.6733e-07	-3.7687e-07	-4.0886e-07	-3.7069e-07	-0	-0	-0	4.6329e-08	8.3601e-09	0	0	0	0	0	0	0	0	0	0	0	0	0	0
-0	-0	0	0	0	0	0	0	0	0	0	0	0	0	0	0	0	0	0	-0	-0	-0	-0	-0	-0	0	-0	-1.2313e-06	-1.3023e-06	-0	-0	0	-0	-0	-0	-0	-0	0	0	0	0	0	0	0	0	0	0	0	0	0	0	0	0	0	0	-0	-0	-0	-0	-7.7641e-07	-8.2292e-07	-8.6691e-07	-9.05e-07	-8.8465e-07	-0	-0	-0	-0	-0	-0	-0	-0	-6.4064e-07	-6.4907e-07	-6.3926e-07	-4.7606e-07	-5.2348e-07	-5.5332e-07	-5.5136e-07	-3.4419e-07	-3.8286e-07	-3.8818e-07	-0	-1.6186e-07	-1.9499e-07	-1.035e-07	0	0	0	0	0	0	0	0	0	0	0	0	0	0
-0	0	0	0	0	0	0	0	0	0	0	0	0	0	0	0	0	0	-0	-0	-0	-0	-0	-0	-0	-0	-0	-0	-1.4913e-06	-0	-0	-0	-0	-0	-0	-0	-0	0	0	0	0	0	0	0	0	0	0	0	0	0	0	0	0	0	-0	-0	-0	-0	-0	-5.8703e-07	-8.2223e-07	-8.5175e-07	-7.6089e-07	-0	-0	-0	-0	-0	-0	-0	-0	-0	-0	-0	-0	-0	-0	-3.9847e-07	-4.7864e-07	-4.9173e-07	-4.6873e-07	-4.2234e-07	-3.6125e-07	-3.0245e-07	-2.3203e-07	-1.4906e-07	-4.0678e-08	0	0	0	0	0	0	0	0	0	0	0	0	0
0	0	0	0	0	0	0	0	0	0	0	0	0	0	0	0	0	0	0	-0	-0	-0	-0	-0	-0	-0	-0	-0	-1.5798e-06	-0	-0	-0	-0	-0	-0	0	-0	0	0	0	0	0	0	0	0	0	0	0	0	0	0	0	0	0	0	-0	-0	-0	-0	-6.4814e-07	-7.2794e-07	-7.2331e-07	-0	-0	-0	-0	-0	-0	-0	-0	-0	-0	-0	-0	-0	-0	-0	-0	-0	-0	-2.6667e-07	-3.2598e-07	-2.8236e-07	-1.1003e-07	-1.3241e-07	-1.0309e-07	1.2823e-07	0	0	0	0	0	0	0	0	0	0	0	0	0
0	0	0	0	0	0	0	0	0	0	0	0	0	0	0	0	0	0	0	0	-0	-0	-0	-0	-0	-0	0	-0	-0	-0	-0	-0	-0	-0	-0	-0	-0	-0	0	0	0	0	0	0	0	0	0	0	0	0	0	0	0	0	0	-0	0	-0	-0	-4.7467e-07	-5.5841e-07	-5.7226e-07	-0	-0	-0	-0	-0	-0	-0	0	0	0	-0	-0	-0	-0	-0	-0	-0	-0	-0	-0	-0	-1.984e-07	-0	-1.0467e-08	-1.808e-08	0	0	0	0	0	0	0	0	0	0	0	0	0
0	0	0	0	0	0	0	0	0	0	0	0	0	0	0	0	0	0	0	0	0	0	-0	-0	-0	-0	-0	-0	-0	-1.6132e-06	-0	-0	-0	-0	-0	-0	-0	0	0	0	0	0	0	0	0	0	0	0	0	0	0	0	0	0	-0	-0	-0	-0	-5.9426e-07	-7.0252e-07	-7.5884e-07	-6.8561e-07	-0	-0	-0	-0	-0	-0	-0	-0	0	0	0	0	-0	-0	-0	-0	-0	-0	-0	-0	-0	-2.8182e-07	-0	-1.441e-07	-1.556e-07	1.8536e-10	0	0	0	0	0	0	0	0	0	0	0	0
0	0	0	0	0	0	0	0	0	0	0	0	0	0	0	0	0	0	0	0	0	-0	-0	-0	-0	-0	-0	-0	-0	-1.5584e-06	-0	-0	-0	-0	-0	-0	-0	-0	-0	0	0	0	0	0	0	0	0	0	0	0	0	0	0	0	-0	-0	-0	-0	-5.6042e-07	-6.222e-07	-5.945e-07	-6.3504e-07	-0	-0	-0	-0	-0	0	0	0	0	0	0	0	0	0	0	-0	-0	-0	-0	-0	-0	-0	-0	-0	-1.5741e-07	-8.258e-08	5.0022e-08	8.4194e-08	0	0	0	0	0	0	0	0	0	0
0	0	0	0	0	0	0	0	0	0	0	0	0	0	0	0	0	0	0	0	0	-0	0	-0	-0	-0	-0	-0	-0	-1.6559e-06	-0	-0	-0	-0	-0	-0	-0	-0	-0	0	0	0	0	0	0	0	0	0	0	0	0	0	0	0	-0	-0	-0	-0	-6.0836e-07	-7.2213e-07	-7.146e-07	-5.0222e-07	-0	-0	-0	0	0	0	0	0	0	0	0	0	0	0	0	0	0	0	0	-0	-0	-0	-0	-0	-0	-3.4094e-08	8.7878e-09	1.4678e-08	1.0372e-07	1.6799e-07	0	0	0	0	0	0	0	0
0	0	0	0	0	0	0	0	0	0	0	0	0	0	0	0	0	0	0	0	0	0	-0	-0	-0	-0	-0	-0	-0	-1.5258e-06	-1.6451e-06	-0	-0	-0	-0	-0	-0	-0	-0	-0	0	0	0	0	0	0	0	0	0	0	0	0	0	0	-0	0	-0	-5.3565e-07	-6.8859e-07	-5.5396e-07	4.2971e-07	0	-0	-0	-0	0	0	0	0	0	0	0	0	0	0	0	0	0	0	0	0	0	0	0	-0	-0	-0	-0	-7.1976e-08	8.3064e-08	5.4001e-08	1.1405e-07	2.6312e-07	2.5189e-07	2.7813e-07	3.2998e-07	4.8344e-07	0	0	0
0	0	0	0	0	0	0	0	0	0	0	0	0	0	0	0	0	0	0	0	0	0	0	0	-0	-0	-0	-0	-0	-1.6057e-06	-1.6849e-06	-0	-0	-0	-0	-0	-0	-0	-0	0	0	0	0	0	0	0	0	0	0	0	0	0	0	0	-0	-0	-0	-5.0991e-07	-6.4896e-07	-6.8872e-07	-5.9676e-07	-0	-0	-0	0	0	0	0	0	0	0	0	0	0	0	0	0	0	0	0	0	0	0	0	0	-0	0	-0	5.8609e-09	4.9892e-08	1.2557e-07	1.7723e-07	2.1506e-07	2.5665e-07	4.0274e-07	3.6887e-07	3.6158e-07	3.733e-07	3.6835e-07	4.8537e-07
0	0	0	0	0	0	0	0	0	0	0	0	0	0	0	0	0	0	0	0	0	0	-0	-0	-0	-0	-0	-0	-0	-0	-1.6178e-06	-0	-0	-0	-0	-0	-0	-0	-0	-0	0	0	0	0	0	0	0	0	0	0	0	0	0	0	0	-0	-0	-5.0821e-07	-6.6778e-07	-6.7307e-07	-5.5056e-07	-0	-0	-0	0	0	0	0	0	0	0	0	0	0	0	0	0	0	0	0	0	0	0	0	0	0	-0	-0	0	1.7486e-07	1.3905e-07	1.8925e-07	3.8573e-07	3.2695e-07	2.9277e-07	5.7399e-07	4.3923e-07	5.0164e-07	4.137e-07	3.7816e-07
0	0	0	0	0	0	0	0	0	0	0	0	0	0	0	0	0	0	0	0	0	0	-0	-0	-0	-0	-0	-0	-0	-0	-1.6683e-06	-0	-0	-0	-0	-0	-0	-0	-0	-0	0	0	0	0	0	0	0	0	0	0	0	0	0	0	-0	-0	-0	-5.7268e-07	-6.7375e-07	-6.7821e-07	-5.3834e-07	-0	-0	-0	0	0	0	0	0	0	0	0	0	0	0	0	0	0	0	0	0	0	0	0	0	0	-0	0	0	0	0	0	0	0	0	3.8555e-07	3.6684e-07	3.4765e-07	3.6318e-07	3.7706e-07
0	0	0	0	0	0	0	0	0	0	0	0	0	0	0	0	0	0	0	0	0	0	-0	-0	-0	-0	0	-0	-0	-0	-1.6875e-06	-1.6716e-06	-0	-0	-0	-0	-0	-0	-0	-0	-0	0	0	0	0	0	0	0	0	0	0	0	0	-0	-0	-0	-0	-5.7631e-07	-6.7735e-07	-6.2624e-07	-4.6711e-07	-0	-0	0	0	0	0	0	0	0	0	0	0	0	0	0	0	0	0	0	0	0	0	0	0	0	0	0	0	0	0	0	0	0	0	0	0	0	0	0
0	0	0	0	0	0	0	0	0	0	0	0	0	0	0	0	0	0	0	0	0	0	-0	-0	-0	-0	-0	-0	-0	-0	-1.7628e-06	-1.8017e-06	-0	-0	-0	-0	-0	-0	-0	-0	-0	-0	0	0	0	0	0	0	0	0	0	0	-0	-0	-0	-0	-0	-6.4223e-07	-6.7985e-07	-6.7875e-07	-0	-0	-0	-0	0	0	0	0	0	0	0	0	0	0	0	0	0	0	0	0	0	0	0	-0	0	-0	0	0	0	0	0	0	0	0	0	0	0	0	0	0
0	0	0	0	0	0	0	0	0	0	0	0	0	0	0	0	0	0	0	0	0	0	-0	-0	-0	-0	-0	-0	-0	-0	-0	-1.913e-06	-0	-0	-0	-0	-0	-0	-0	-0	-0	-0	-0	0	0	0	0	0	0	0	0	0	-0	-0	-0	-0	-0	-7.4828e-07	-7.5198e-07	-6.9229e-07	-0	-0	-0	-0	0	0	0	0	0	0	0	0	0	0	0	0	0	0	0	0	-0	-0	-0	-0	0	0	0	0	0	0	0	0	0	0	0	0	0	0	0	0
0	0	0	0	0	0	0	0	0	0	0	0	0	0	0	0	0	0	0	0	0	-0	-0	-0	-0	-0	-0	-0	-0	-0	-0	-2.003e-06	-0	-0	-0	-0	-0	-0	-0	-0	-0	-0	-0	-0	0	0	0	0	0	-0	-0	-0	-0	-0	-0	-0	-7.0421e-07	-8.2702e-07	-8.1919e-07	-7.5128e-07	-0	-0	-0	-0	0	0	0	0	0	0	0	0	0	0	0	0	0	0	0	0	-0	-0	-6.1734e-08	0	0	0	0	0	0	0	0	0	0	0	0	0	0	0	0	0
0	0	0	0	0	0	0	0	0	0	0	0	0	0	0	0	0	0	0	0	0	-0	-0	-0	-0	-0	-0	-0	-0	-0	-0	-1.8576e-06	-0	-0	-0	-0	-0	-0	-0	-0	-0	-0	-0	-0	-0	0	-0	-0	-0	-0	-0	-0	-0	-0	-0	-0	-7.6535e-07	-8.4491e-07	-7.0228e-07	-7.1644e-07	-0	-0	-0	-0	0	0	0	0	0	0	0	0	0	0	0	0	0	0	0	0	-0	-1.3942e-07	-1.6465e-07	-0	0	0	0	0	0	0	0	0	0	0	0	0	0	0	0	0
0	0	0	0	0	0	0	0	0	0	0	0	0	0	0	0	0	0	0	0	0	0	-0	-0	0	-0	-0	-0	-0	-0	-0	-0	-0	-0	-0	-0	-0	-0	-0	-0	-0	-0	-0	-0	-0	-0	-0	-0	0	0	-0	-0	-0	-0	-0	-0	-8.3325e-07	-8.9467e-07	-8.546e-07	-7.1076e-07	-0	-0	-0	-0	0	0	0	0	0	0	0	0	0	0	0	0	0	0	0	0	-0	-1.3047e-07	-1.3655e-07	-9.376e-08	-0	0	0	0	0	0	0	0	0	0	0	0	0	0	0	0
0	0	0	0	0	0	0	0	0	0	0	0	0	0	0	0	0	0	0	0	-0	-0	-0	-0	-0	-0	-0	-0	-0	-0	-0	-2.1835e-06	-2.1906e-06	-0	-0	-0	-0	-0	-0	-0	-0	-0	-0	-0	-0	-0	-0	-0	-0	-0	-0	-0	-0	-0	-0	-0	-9.2596e-07	-9.8786e-07	-9.074e-07	-7.5417e-07	-0	-0	-0	-0	0	0	0	0	0	0	0	0	0	0	0	0	0	0	0	-0	-0	-1.6024e-07	-1.6995e-07	-1.4357e-07	0	0	0	0	0	0	0	0	0	0	0	0	0	0	0	0
0	0	0	0	0	0	0	0	0	0	0	0	0	0	0	0	0	0	0	-0	-0	-0	-0	-0	-0	-0	-0	-0	-0	-0	-0	-2.1017e-06	-2.3324e-06	-0	-0	-0	-0	-0	-0	-0	-0	-0	-0	-0	-0	-0	-0	-0	-0	-0	-0	-0	-0	-0	-0	-9.7447e-07	-1.0789e-06	-1.0914e-06	-9.8318e-07	-0	-0	-0	-0	-0	-0	-0	0	0	0	0	0	0	0	0	0	0	0	-0	-0	-0	-0	-3.0429e-07	-2.9292e-07	-2.0618e-07	-0	0	0	0	0	0	0	0	0	0	0	0	0	0	0	0
0	0	0	0	0	0	0	0	0	0	0	0	0	0	0	0	0	0	-0	-0	-0	-0	-0	-0	-0	-0	-0	-0	-0	-0	-0	-2.4039e-06	-2.4774e-06	-0	-0	-0	-0	-0	-0	-0	-0	-0	-0	-0	-0	-0	-0	-0	-0	-0	-0	-0	-0	-0	-0	-1.049e-06	-1.1748e-06	-1.1323e-06	-1.0149e-06	-0	-0	-0	-0	-0	-0	-0	0	0	0	0	0	0	0	0	0	0	0	0	-0	-0	-0	-3.3552e-07	-2.2795e-07	-0	-0	0	0	0	0	0	0	0	0	0	0	0	0	0	0	0
0	0	0	0	0	0	0	0	0	0	0	0	0	0	0	0	0	-0	-0	-0	-0	-0	-0	-0	-0	-0	-0	-0	-0	-0	-0	-2.52e-06	-2.5755e-06	-0	-0	-0	-0	-0	-0	-0	-0	-0	-0	-0	-0	-0	-0	-0	-0	-0	-0	-0	-0	-0	-0	-1.1649e-06	-1.2602e-06	-1.0832e-06	-1.041e-06	-0	-0	-0	-0	-0	-0	0	0	0	0	0	0	0	0	0	0	-0	-0	-0	0	-0	0	8.6417e-08	-3.1484e-07	-0	-0	0	0	0	0	0	0	0	0	0	0	0	0	0	0	0
0	0	0	0	0	0	0	0	0	0	0	0	0	0	0	-0	-0	-0	-0	-0	-0	-0	-0	-0	-0	-0	-0	-0	-0	-0	-0	-2.6731e-06	-2.7197e-06	-2.6776e-06	-0	-0	-0	-0	-0	-0	-0	-0	-0	-0	-0	-0	-0	-0	-0	0	-0	0	-0	-0	-0	-1.2968e-06	-1.3546e-06	-1.2412e-06	-0	-0	-0	-0	-0	0	-0	-0	-0	-0	0	0	0	0	-0	-0	-0	-0	-0	-0	-0	-0	-0	-4.0072e-07	-3.4322e-07	-0	0	0	0	0	0	0	0	0	0	0	0	0	0	0	0	0
0	0	0	0	0	0	0	0	0	0	0	0	0	-0	-0	-0	-0	0	-0	-0	-0	-0	-0	-0	-0	-0	-0	-0	-0	-0	-2.5369e-06	-2.8329e-06	-2.8636e-06	-2.8292e-06	-0	-0	-0	-0	-0	-0	-0	-0	-0	-0	-0	-0	-0	0	-0	-0	0	-0	-0	-0	-0	-1.2919e-06	-1.4592e-06	-1.3412e-06	-0	-0	-0	-0	-0	-0	-0	-0	-0	-0	-0	-0	-0	-0	-0	0	-0	-0	-0	-0	-0	-0	-5.2341e-07	1.2107e-07	-3.4254e-07	-0	-0	0	0	0	0	0	0	0	0	0	0	0	0	0	0	0
0	0	0	0	0	0	0	0	0	0	-0	-0	-0	0	-0	-0	-0	-0	-0	-0	-0	-0	-0	-0	-0	-0	-0	-2.2188e-06	-2.4268e-06	-2.5703e-06	-2.7181e-06	-2.8735e-06	-2.6109e-06	-2.6834e-06	-0	-0	-0	-0	-0	-0	-0	-0	-0	-0	0	-0	-0	-0	-0	-0	-0	-0	-0	-0	-0	-1.4154e-06	-1.5153e-06	-1.4039e-06	-0	-0	-0	-0	-0	-0	-0	-0	-0	-0	-0	-0	-0	-0	-0	-0	-0	-0	-0	-0	-0	-0	-6.1734e-07	-5.5543e-07	-4.6648e-07	-0	-0	0	0	0	0	0	0	0	0	0	0	0	0	0	0	0
-0	-0	0	0	0	0	-0	-0	-0	-0	-0	-0	-0	-0	-0	-0	-0	-0	-8.8205e-07	-9.667e-07	-1.1032e-06	-1.2322e-06	-1.2918e-06	-1.4248e-06	-1.6302e-06	-1.7898e-06	-1.9419e-06	-2.256e-06	-2.4903e-06	-2.6637e-06	-2.7614e-06	-2.8619e-06	-2.9988e-06	-3.0201e-06	-0	-0	-0	-0	-0	-0	-0	-0	-0	-0	-0	-0	-0	-0	-0	-0	-0	-0	-0	-0	-1.581e-06	-1.6429e-06	-1.2689e-06	-0	-0	-0	-0	-0	-0	-0	-0	-0	-0	-0	-0	-0	-0	-0	-0	-0	-0	-0	-0	-0	-0	-7.035e-07	-6.0761e-07	-6.2397e-07	-5.0252e-07	-0	-0	0	0	0	0	0	0	0	0	0	0	0	0	0	0	0
-0	-0	-0	0	-0	-0	-0	-0	-0	-0	-0	-0	-0	-0	-5.4184e-07	-7.625e-07	-8.5581e-07	-9.5715e-07	-1.0436e-06	-1.1431e-06	-1.2185e-06	-1.1796e-06	-1.3213e-06	-1.5556e-06	-1.7337e-06	-1.8813e-06	1.5457e-08	-2.2543e-06	-2.4553e-06	-2.5404e-06	-2.807e-06	-2.9378e-06	-3.0107e-06	-3.1018e-06	-3.0345e-06	-0	-0	-0	-0	-0	-0	-0	-0	-0	-0	-0	-0	-0	-0	-0	-0	-0	-0	-0	-1.7567e-06	-1.8e-06	-1.7489e-06	-0	-0	-0	-0	-0	-0	-0	0	-0	0	-0	-0	-0	-0	-0	-0	-0	-0	-0	-0	0	-0	5.7918e-08	-7.0807e-07	-6.9694e-07	-4.5338e-07	-0	-0	0	0	0	0	0	0	0	0	0	0	0	0	0	0	0
-0	-0	-0	-0	-0	-0	-0	-0	-0	-4.2133e-07	-4.8073e-07	-5.2718e-07	4.3954e-07	-7.4021e-07	-7.0225e-07	-7.6986e-07	-4.0093e-08	-8.6965e-07	-9.2605e-07	-1.1544e-06	-5.2059e-07	1.0196e-06	-1.0365e-06	-4.0888e-07	-1.661e-06	-4.4419e-07	-1.2125e-06	-0	-0	-0	-0	-2.7934e-06	-3.0216e-06	-3.1132e-06	-2.903e-06	-0	-0	-0	-0	-0	-0	-0	-0	-0	-0	-0	-0	-0	-0	-0	-0	-0	-0	-0	-1.826e-06	-1.9132e-06	-1.8115e-06	-0	-0	-0	-0	-0	-0	-0	-0	-0	-0	-0	-0	-0	-0	-0	0	-0	-0	-0	-0	-0	-0	-8.7023e-07	-8.4026e-07	-5.6672e-07	-6.1861e-07	-3.5545e-07	-0	-0	0	0	0	0	0	0	0	0	0	0	0	0	0	0
-0	-0	-0	-0	-0	-0	-5.6334e-07	-5.9707e-07	-5.9941e-07	-6.1263e-07	-6.9263e-07	-6.5293e-07	-7.6232e-07	-7.8781e-07	-8.3029e-07	-8.3873e-07	-8.7222e-07	-9.3473e-07	-9.9048e-07	-1.0566e-06	-8.0163e-07	-0	-0	-0	-0	-0	-0	-0	-0	-0	-0	-0	-0	-3.044e-06	-3.0789e-06	-3.0943e-06	-0	-0	-0	-0	-0	-0	-0	-0	-0	-0	-0	-0	-0	-0	-0	-0	-0	-0	-1.5248e-06	-1.9772e-06	-1.7662e-06	-0	-0	-0	-0	-0	-0	-0	-0	-0	-0	0	-0	-0	-0	-0	-0	-0	-0	-0	-0	-0	-0	8.5034e-08	-9.2603e-07	-7.9493e-07	-4.8382e-07	-4.6696e-07	-1.4718e-07	9.2233e-08	0	0	0	0	0	0	0	0	0	0	0	0	0	0
-0	-0	-0	-5.7065e-07	-5.6732e-07	-5.9776e-07	-6.9992e-07	-7.0794e-07	-7.085e-07	-7.3e-07	-7.2526e-07	-5.3493e-07	-6.3145e-07	-7.0185e-07	-6.7934e-07	-7.2749e-07	-7.2109e-07	-8.0162e-07	-0	-0	-0	-0	-0	-0	-0	-0	-0	-0	-0	-0	-0	-0	-0	-3.0941e-06	-3.2044e-06	-3.2018e-06	-0	-0	-0	-0	-0	-0	-0	-0	-0	-0	-0	-0	-0	-0	-0	-0	-0	-2.0956e-06	-2.1345e-06	-2.0973e-06	-1.0608e-06	-0	-0	-0	-0	-0	-0	-0	-0	-0	-0	-0	-0	-0	-0	-0	-0	-0	-0	-0	-0	-0	-1.1389e-06	-1.0993e-06	-5.0515e-07	-8.697e-07	-6.7064e-07	-5.2284e-07	-3.4592e-07	-1.6283e-07	1.0457e-07	1.9019e-07	1.1543e-06	4.3186e-07	0	0	0	0	0	0	0	0	0	0
-0	-8.8225e-07	-8.2215e-07	-6.8277e-07	-6.7816e-07	-7.506e-07	-7.3481e-07	-7.2277e-07	-5.9832e-07	-6.2656e-07	-6.3777e-07	-5.9091e-07	-5.8416e-07	-5.6612e-07	-0	-0	-0	-0	-0	-0	-0	-0	-0	-0	-0	-0	-0	-0	-0	-0	-0	-0	-0	-0	-3.1904e-06	-3.1069e-06	-0	-0	-0	-0	-0	-0	-0	-0	-0	-0	-0	-0	-0	-0	-0	-0	-1.3248e-06	-1.9786e-06	-2.0501e-06	-2.0439e-06	-2.0797e-06	-0	-0	-0	-0	-0	-0	-0	-0	-0	-0	-0	-0	-0	-0	-0	-0	-0	-0	-0	-0	-0	-1.2543e-06	-0	-1.028e-06	-0	-0	-0	-0	7.7334e-07	3.7425e-08	2.5693e-07	2.8939e-07	5.1556e-07	5.2459e-07	7.9009e-07	7.3418e-07	7.456e-07	8.0536e-07	9.4341e-07	0	0	0	0
-1.0487e-06	-9.9272e-07	-8.0955e-07	-8.4967e-07	-7.9186e-07	-5.7176e-07	-6.8151e-07	-6.3515e-07	-5.8642e-07	-5.2788e-07	-0	-0	-0	-0	-0	-0	-0	-0	-0	-0	-0	-0	-0	-0	-0	-0	-0	-0	-0	-0	-0	-0	-0	-0	-0	-3.2567e-06	-3.2693e-06	-3.2211e-06	-0	-0	-0	-0	-0	-2.51e-06	-2.4002e-06	-2.3626e-06	-2.0052e-08	-1.5924e-06	-2.2955e-06	-2.2851e-06	-2.2755e-06	-2.3051e-06	-1.9397e-06	-2.3189e-06	-2.3128e-06	-2.2781e-06	-2.2291e-06	-2.1544e-06	-0	-0	-0	-0	-0	-0	-0	-0	-0	-0	-0	-0	-0	-0	-0	-0	-0	-0	-0	-0	-0	-0	-0	-0	-0	-0	-0	0	0	2.0259e-07	3.1596e-07	4.1997e-07	2.4226e-06	6.1534e-07	1.2795e-06	1.9498e-06	2.6137e-06	8.6931e-07	2.1227e-06	1.0187e-06	2.3963e-06	2.0065e-06
-1.174e-06	-9.5685e-07	-9.0364e-07	-6.8349e-07	1.6005e-06	-4.2747e-07	-0	-0	-0	0	-0	-0	-0	-0	-0	-0	-0	-0	-0	-0	-0	-0	-0	0	-0	-0	-0	-0	-0	-0	-0	-0	-0	-0	-2.33e-06	-2.0332e-06	-3.1046e-06	-1.1551e-06	-3.1807e-06	-2.9493e-06	-2.9299e-06	-1.0623e-06	-1.7376e-06	-1.8949e-06	-2.5601e-06	-2.2035e-06	-2.3447e-06	-1.5918e-06	-1.4507e-06	-2.3682e-06	-2.3719e-06	-1.9212e-06	-2.3463e-06	-2.3558e-06	-2.2288e-06	-2.3392e-06	-2.1519e-06	-7.6865e-07	-2.0406e-06	-3.6642e-07	-0	-0	-0	-0	-0	-0	-0	-0	-0	-0	-0	-0	-0	-0	-0	-0	-0	-0	-0	-0	-0	-0	-0	-0	0	0	0	0	0	1.9891e-06	1.2706e-06	8.1239e-07	6.9434e-07	7.5126e-07	1.0483e-06	9.8627e-07	2.9749e-06	8.9066e-07	1.5485e-06	8.752e-07
-1.0638e-06	-9.7995e-07	-7.2361e-07	-0	-0	-0	-0	-0	0	-0	-0	-0	0	0	0	0	-0	-0	-0	0	-0	-0	-0	-0	-0	-0	0	-0	-0	-0	-0	-0	-0	-0	-3.0493e-06	-3.2401e-06	-3.3088e-06	-3.2744e-06	-3.099e-06	-3.0929e-06	-3.0005e-06	-2.8621e-06	-2.7983e-06	-2.6807e-06	-2.6018e-06	-2.5065e-06	-2.4343e-06	-2.4165e-06	-2.3554e-06	-2.3612e-06	-2.3181e-06	-2.3321e-06	-2.3462e-06	-2.1971e-06	-2.3566e-06	-2.3182e-06	-2.3115e-06	-2.3136e-06	-2.2949e-06	-2.1985e-06	-2.2177e-06	-1.9243e-06	-1.3892e-06	-0	-0	-0	-0	-0	-0	-0	-0	-0	-0	-0	-0	-0	-0	-0	-0	-0	0	-0	-0	0	-0	0	0	0	0	0	0	0	0	0	8.2897e-07	7.9171e-07	7.8315e-07	7.5838e-07	7.4162e-07	7.2128e-07
-0	-0	-0	-0	-0	-0	-0	-0	-0	0	0	0	0	0	0	0	0	-0	0	-0	0	-0	-0	-0	-0	-0	-0	-0	-0	-0	-0	-0	-0	-0	-2.9823e-06	-3.0438e-06	-3.0893e-06	-3.1569e-06	-3.1208e-06	-2.8763e-06	-2.905e-06	-2.7363e-06	-2.6575e-06	-2.4981e-06	-2.4309e-06	-2.1871e-06	-2.18e-06	-2.2297e-06	-2.188e-06	-1.9517e-06	-2.1406e-06	-2.0429e-06	-2.158e-06	-2.1423e-06	-2.1764e-06	-2.183e-06	-2.2394e-06	-2.2891e-06	-2.0134e-06	-2.2846e-06	-2.1536e-06	-2.188e-06	-2.2045e-06	-2.1716e-06	-2.1579e-06	-2.0306e-06	-2.0372e-06	-2.0697e-06	-0	-0	-0	-0	-1.9535e-06	-1.9078e-06	-1.7286e-06	-1.7719e-06	-1.7956e-06	-1.5197e-06	-0	-0	-0	-0	-0	-0	0	0	0	0	0	0	0	0	0	0	0	0	0	7.8787e-07	7.9923e-07	3.127e-06
-0	-0	-0	-0	-0	0	-0	0	0	0	0	0	0	0	0	0	0	0	0	-0	-0	-0	-0	-0	-0	-0	-0	-0	-0	-0	-0	-0	-0	-0	-2.8497e-06	-3.1129e-06	-3.1434e-06	-3.0216e-06	-2.9699e-06	-0	-0	-0	-0	-0	-0	-0	-0	-0	-0	-0	-0	-0	-0	-0	-0	-2.039e-06	-2.1247e-06	-2.1465e-06	-2.2501e-06	-2.2185e-06	-2.2651e-06	-2.2525e-06	-1.6979e-06	-2.0373e-06	-2.0825e-06	-2.1265e-06	-2.1304e-06	-2.1281e-06	-2.1477e-06	-1.9878e-06	-2.0794e-06	-2.1316e-06	-2.0975e-06	-1.8585e-06	-1.9023e-06	-1.9168e-06	-1.8473e-06	-0	-0	-0	-0	-0	-0	-0	-0	0	0	0	0	0	0	0	0	0	0	0	0	0	0	7.2555e-07
-0	-0	-0	-0	-0	-0	-0	-0	0	0	0	0	0	0	0	0	0	0	0	-0	-0	-0	-0	-0	-0	-0	-0	-0	-0	-0	-0	-0	-0	-0	-2.8734e-06	-3.025e-06	-3.0296e-06	-2.7592e-06	-0	-0	-0	-0	-0	-0	-0	-0	-0	-0	-0	-0	-0	-0	-0	-0	-0	-0	-1.9369e-06	-1.9861e-06	-2.142e-06	-2.0574e-06	-2.1384e-06	-2.1528e-06	-2.0979e-06	-1.9599e-06	-1.9909e-06	-1.9993e-06	-2.0169e-06	-2.0545e-06	-2.0955e-06	-2.1435e-06	-2.1637e-06	-2.1678e-06	-1.9883e-06	-2.0413e-06	-2.0617e-06	-2.012e-06	-1.8497e-06	-0	-0	-0	-0	-0	-0	-0	-0	0	0	0	0	0	0	0	0	0	0	0	0	0	0	0
-0	-0	-0	-0	-0	-0	-0	0	0	0	0	0	0	0	0	0	0	0	0	0	-0	-0	-0	-0	-0	-0	-0	-0	-0	-0	-0	-0	-0	-0	-2.822e-06	-2.941e-06	-2.8533e-06	-0	-0	-0	-0	-0	-0	0	-0	0	-0	-0	-0	-0	-0	0	-0	-0	-0	-0	-0	-1.9377e-06	-1.8287e-06	-1.8411e-06	-0	-0	-0	-0	-0	-0	-0	-0	-0	-0	-0	-0	-2.0348e-06	-2.034e-06	-1.8803e-06	-1.8843e-06	-1.9122e-06	-0	-0	-0	-0	-0	-0	-0	0	0	0	0	0	0	0	0	0	0	0	0	0	0	0	0
-0	-0	-0	-0	0	0	0	0	0	0	0	0	0	0	0	0	0	0	0	0	0	0	-0	-0	-0	-0	-0	-0	-0	-0	-0	-0	-0	-2.4996e-06	-2.6115e-06	-2.6513e-06	-0	-0	-0	-0	-0	-0	-0	-0	-0	-0	-0	-0	-0	-0	-0	-0	-0	-0	-0	-0	-0	-1.7857e-06	-1.8319e-06	-1.7095e-06	-0	-0	-0	-0	-0	-0	-0	-0	-0	-0	-0	-0	-0	-0	-1.9656e-06	-1.9815e-06	-1.823e-06	-1.795e-06	-0	-0	-0	-0	-0	-0	-0	0	0	0	0	0	0	0	0	0	0	0	0	0	0	0
-0	-0	-0	-0	-0	0	0	0	0	0	0	0	0	0	0	0	0	0	0	0	0	0	0	-0	0	-0	-0	-0	-0	-0	-0	-0	-0	-2.4303e-06	-2.6493e-06	-2.4917e-06	-0	-0	-0	-0	-0	-0	-0	-0	-0	-0	-0	-0	-0	-0	-0	-0	-0	-0	-0	-0	-0	-1.6244e-06	-1.6604e-06	-0	-0	-0	-0	-0	-0	-0	-0	-0	-0	-0	-0	-0	-0	-0	-0	-0	-1.8814e-06	-0	-0	-0	-0	-0	-0	-0	0	0	0	0	0	0	0	0	0	0	0	0	0	0	0	0
-0	-0	-0	-0	0	0	0	0	0	0	0	0	0	0	0	0	0	0	0	0	0	0	-0	-0	-0	-0	-0	-0	-0	-0	-0	-0	-0	-2.2439e-06	-2.5687e-06	-2.3178e-06	-0	-0	-0	-0	-0	-0	-0	-0	-0	-0	-0	-0	-0	-0	-0	-0	-0	-0	-0	-0	-0	-1.5059e-06	-1.527e-06	-0	-0	-0	-0	-0	-0	-0	-0	-0	-0	-0	-0	-0	-0	-0	-0	-0	-1.8279e-06	-1.7901e-06	-0	-0	-0	-0	-0	-0	-0	0	0	0	0	0	0	0	0	0	0	0	0	0	0	0
-0	-0	0	0	0	0	0	0	0	0	0	0	0	0	0	0	0	0	0	0	0	0	0	0	-0	-0	-0	-0	-0	-0	-0	-0	-0	-2.3579e-06	-2.416e-06	-0	-0	-0	-0	-0	-0	-0	-0	-0	-0	-0	-0	-0	-0	-0	-0	-0	-0	-0	-0	-0	-1.0408e-06	-1.2745e-06	-1.1107e-06	-0	-0	-0	-0	-0	-0	-0	-0	-0	-0	-0	-0	-0	-0	-0	-0	-0	-1.5498e-06	-1.6019e-06	-0	-0	-0	-0	-0	-0	-0	0	0	0	0	0	0	0	0	0	0	0	0	0	0	0
-0	0	0	0	0	0	0	0	0	0	0	0	0	0	0	0	0	0	0	0	0	0	0	0	-0	-0	-0	-0	-0	-0	-0	-0	-0	-2.1787e-06	-2.1585e-06	-0	-0	-0	-0	-0	-0	-0	-0	-0	-0	-0	-0	-0	-0	0	-0	-0	-0	-0	-0	-0	-7.5469e-07	-1.1081e-06	-1.0917e-06	-0	-0	-0	-0	-0	-0	-0	-0	-0	-0	-0	-0	-0	-0	-0	-0	-0	-0	-1.662e-06	-0	-0	-0	-0	-0	-0	-0	0	0	0	0	0	0	0	0	0	0	0	0	0	0	0
-0	-0	0	0	0	0	0	0	0	0	0	0	0	0	0	0	0	0	0	0	0	0	0	0	-0	-0	-0	-0	-0	-0	-0	-0	-1.9863e-06	-2.1966e-06	-2.0594e-06	-0	-0	-0	-0	-0	-0	-0	-0	-0	0	-0	-0	-0	-0	-0	-0	-0	-0	0	0	-0	-9.4165e-07	-1.0358e-06	-1.008e-06	-0	-0	-0	-0	-0	-0	-0	-0	-0	-0	-0	-0	-0	-0	-0	-0	-0	-0	-8.8973e-07	-1.6088e-06	-0	-0	0	0	0	0	0	0	0	0	0	0	0	0	0	0	0	0	0	0	0
-0	-0	0	0	0	0	0	0	0	0	0	0	0	0	0	0	0	0	0	0	0	0	0	-0	-0	-0	-0	-0	-0	-0	-0	-0	-2.051e-06	-2.1659e-06	-1.9591e-06	-0	-0	-0	-0	-0	-0	-0	-0	0	-0	0	-0	-0	0	0	0	0	-0	0	0	0	-8.3652e-07	-9.3901e-07	-8.9601e-07	-0	-0	-0	-0	-0	-0	-0	-0	-0	-0	-0	0	-0	-0	-0	-0	-0	-0	-1.688e-06	-1.6676e-06	-0	-0	0	-0	-0	-0	-0	0	0	0	0	0	0	0	0	0	0	0	0	0	0
-0	-0	-0	-0	0	0	0	0	0	0	0	0	0	0	0	0	0	0	0	0	0	0	0	-0	-0	-0	-0	-0	-0	-0	-0	-1.8022e-06	-2.0103e-06	-2.0755e-06	-0	-0	-0	-0	-0	-0	-0	-0	-0	-0	0	0	0	0	0	0	0	0	-0	-0	-0	-0	-7.3477e-07	-7.6349e-07	-8.2157e-07	-0	-0	-0	-0	-0	-0	-0	0	0	-0	-0	-0	-0	-0	-0	-0	-0	-0	-0	-1.6824e-06	-0	-0	-0	-0	-0	0	0	-0	-0	0	0	0	0	0	0	0	0	0	0	0	0
-0	-0	-0	-0	0	0	0	0	0	0	0	0	0	0	0	0	0	0	0	0	0	0	0	-0	-0	-0	-0	-0	-0	-0	-0	-1.7877e-06	-1.8675e-06	-1.9253e-06	-0	-0	-0	-0	-0	-0	-0	-0	-0	0	0	0	0	0	0	0	0	-0	-0	-0	0	-0	-6.8511e-07	-7.625e-07	-7.1509e-07	-0	-0	-0	-0	-0	-0	-0	-0	-0	-0	-0	-0	-0	-0	-0	-0	-0	-0	-0	-1.5034e-06	-0	-0	-0	-0	-0	-0	-0	-0	0	0	0	0	0	0	0	0	0	0	0	0	0
-0	-0	-0	-0	0	0	0	0	0	0	0	0	0	0	0	0	0	0	0	0	0	0	0	0	-0	-0	-0	-0	-0	-0	-0	-1.6401e-06	-1.922e-06	-1.7226e-06	-0	-0	-0	-0	-0	-0	-0	-0	0	0	0	0	0	0	0	0	0	0	0	0	-0	-0	-4.1636e-07	-6.322e-07	-4.3906e-07	-0	-0	-0	-0	0	-0	-0	-0	-0	-0	-0	-0	-0	-0	-0	-0	-0	-0	-0	-0	-0	-0	-0	-0	-0	-0	-0	-0	-0	-0	-0	0	0	0	0	0	0	0	0	0	0
-0	-0	0	-0	0	0	0	0	0	0	0	0	0	0	0	0	0	0	0	0	0	0	-0	-0	-0	-0	-0	-0	-0	-0	-0	-1.7475e-06	-1.8174e-06	-1.5559e-06	-0	-0	-0	-0	-0	-0	-0	0	0	0	0	0	0	0	0	0	0	0	0	-0	-0	-0	-4.7404e-07	-5.6386e-07	-5.2852e-07	-0	-0	-0	-0	-0	-0	-0	0	-0	-0	-0	-0	-0	-0	-0	-0	-0	-0	-0	-0	-0	-0	-0	-0	-0	-0	-0	-0	-0	-0	-0	-0	-0	-0	0	0	0	0	0	0	0
-0	-0	-0	-0	-0	0	0	0	0	0	0	0	0	0	0	0	0	0	0	0	0	0	0	0	0	0	0	0	0	-0	7.61e-07	7.0641e-07	6.3243e-07	8.9793e-07	0	-0	0	0	0	0	0	0	0	0	0	0	0	0	0	0	0	0	0	0	0	-0	-4.2576e-07	-4.5401e-07	1.5566e-06	-0	-0	-0	-0	-0	0	0	0	0	-0	-0	-0	-0	-0	0	-0	0	-0	-0	-0	-0	-0	-0	-0	-0	-0	-0	-0	-0	-0	-0	-0	-0	-0	-0	-0	0	0	-0	0	-0
-0	-0	-0	-0	-0	0	0	0	0	0	0	0	0	0	0	0	0	0	0	0	0	0	-0	-0	-0	-0	-0	-0	-0	-0	-1.3915e-06	-1.4444e-06	-1.5143e-06	-0	-0	-0	-0	-0	-0	-0	0	0	0	0	0	0	0	0	0	0	0	0	0	0	0	-0	-2.0303e-07	-2.1854e-07	-2.6794e-07	0	0	-0	0	0	0	0	0	0	0	-0	-0	-0	-0	-0	-0	-0	-0	-0	-0	-0	-1.5228e-06	-0	-0	-0	-0	-0	-0	-0	-0	0	-0	-0	-0	0	-0	-0	-0	0	-0	0
-0	-0	-0	-0	-0	-0	0	0	0	0	0	0	0	0	0	0	0	0	0	0	0	0	-0	-0	-0	-0	-0	-0	-0	-0	-1.5066e-06	-1.5917e-06	-1.5165e-06	-0	-0	-0	-0	-0	0	0	0	0	0	0	0	0	0	0	0	0	0	0	0	0	0	0	-2.2759e-07	-2.9971e-07	-2.5812e-07	-0	0	0	0	0	0	0	0	0	0	0	-0	-0	-0	-0	-0	-0	-0	-0	-0	-0	-1.5831e-06	-1.4061e-06	-0	-0	-0	-0	-0	-0	-0	-0	-0	-0	-0	-0	-0	-0	0	-0	-0	-0
-0	-0	0	0	-0	0	0	0	0	0	0	0	0	0	0	0	0	0	0	0	0	0	0	0	-0	-0	-0	-0	-0	-0	-1.3602e-06	-1.5102e-06	-0	0	0	0	0	0	0	0	0	0	0	0	0	0	0	0	0	0	0	0	0	0	0	0	-1.1888e-07	-2.0498e-07	-1.8113e-07	0	0	0	0	0	0	0	0	0	0	0	-0	-0	-0	-0	-0	-0	-0	-0	-1.4224e-06	-0	-1.497e-06	-1.4909e-06	-1.3055e-06	-1.2872e-06	-1.0464e-06	-1.0495e-06	-1.0179e-06	-8.9057e-07	-8.6349e-07	-6.158e-07	-7.3078e-07	-6.421e-07	-6.1253e-07	-4.8605e-07	-5.4014e-07	-5.1233e-07	-5.0194e-07	-0	-0	-0
-4.7758e-07	5.184e-07	0	0	0	-0	0	-0	-0	0	0	0	0	0	0	0	0	0	0	0	-0	-0	-0	-0	-0	-0	-0	-0	-0	-0	-1.4629e-06	-1.2528e-06	-0	-0	-0	-0	-0	0	0	0	0	0	0	0	0	0	0	0	0	0	0	0	0	0	0	0	5.39e-09	-5.5397e-08	-6.3214e-08	-0	0	0	0	0	0	0	0	0	0	0	0	-0	-0	-0	-0	-0	-0	-0	-1.4627e-06	-8.5507e-07	-1.5385e-06	-1.4025e-06	-1.4272e-06	-1.3765e-06	-1.1309e-06	-1.2021e-06	-1.111e-06	-9.3703e-07	-9.6796e-07	-6.9952e-07	-7.9697e-07	-8.1933e-07	-7.53e-07	-5.8077e-07	-6.7425e-07	-6.5709e-07	-6.2467e-07	-6.5573e-07	-6.6095e-07	-6.6872e-07
-5.8128e-07	-4.3449e-07	-4.8514e-07	-0	-0	-0	-0	-0	-0	-0	-0	-0	0	0	-0	-0	-0	0	0	0	0	-0	-0	-0	-0	-0	-0	-0	-0	-0	-3.2994e-07	-1.3359e-06	-0	-0	-0	-0	-0	0	0	0	0	0	0	0	0	0	0	0	0	0	0	0	0	0	0	0	-9.0028e-09	-9.559e-08	-3.4781e-08	0	0	0	0	0	0	0	0	0	0	0	-0	-0	-0	-0	-0	-0	-0	-0	-1.4531e-06	-1.4177e-06	-1.5055e-06	-1.485e-06	-1.4374e-06	-1.3258e-06	-1.2443e-06	-1.0782e-06	-1.0816e-06	-1.0134e-06	-8.2033e-07	-8.7388e-07	-8.8239e-07	-8.4097e-07	-6.7829e-07	-8.0194e-07	-7.5818e-07	-7.5226e-07	-7.5414e-07	-6.4404e-07	-7.8657e-07	-2.6036e-07
-5.1904e-07	-5.7115e-07	-5.9256e-07	-6.0514e-07	-4.0211e-07	-0	-0	-0	-0	-0	-0	-0	-0	-0	-0	-0	0	-0	-0	-0	-0	-0	-0	-0	-0	-0	-0	-0	-0	-0	-1.2408e-06	-0	-0	-0	-0	-0	0	0	0	0	0	0	0	0	0	0	0	0	0	0	0	0	0	0	0	0	3.0636e-08	-8.6336e-08	-6.0604e-08	0	0	0	0	0	0	0	0	0	0	0	0	0	-0	-0	-0	-0	-0	-0	-1.5153e-06	-1.5839e-06	-1.5708e-06	-1.504e-06	-1.3814e-06	-1.2455e-06	-1.1941e-06	-1.1089e-06	-1.0096e-06	-9.6344e-07	-9.3876e-07	-8.0606e-07	-8.6149e-07	-8.289e-07	-8.0557e-07	-8.5607e-07	-8.6813e-07	-7.5401e-07	-7.6913e-07	-7.9918e-07	-2.1682e-07	-9.1263e-07
-4.1479e-07	-4.6967e-07	-5.0466e-07	-5.4756e-07	-4.8725e-07	-6.3457e-07	-6.231e-07	-0	-0	-0	-0	-0	-0	-0	-0	-0	-0	-0	-0	-0	-0	-0	-0	-0	-0	-0	-0	-0	-0	-1.3285e-06	-1.3416e-06	-0	-0	-0	-0	-0	0	0	0	0	0	0	0	0	0	0	0	0	0	0	0	0	0	0	0	0	1.2658e-07	-6.309e-08	-2.7674e-08	0	0	0	0	0	0	0	0	0	0	0	-0	-0	-0	-0	-0	-0	-0	-0	-1.4677e-06	-1.5477e-06	-1.5415e-06	-1.4514e-06	-0	-0	-0	-0	-0	-0	-0	-0	-7.4536e-07	-7.5078e-07	-7.5606e-07	-7.7014e-07	-4.8428e-07	-8.1641e-07	-8.7705e-07	-9.3681e-07	-6.4165e-07	-1.0547e-06
-4.4352e-07	-3.2171e-07	-5.2834e-07	-3.5735e-07	-3.7786e-07	-4.6766e-07	-5.5138e-07	-5.9721e-07	-5.9129e-07	-6.0567e-07	-0	-0	-0	-0	-0	-0	-0	-0	-0	-0	-0	-0	-0	-0	-0	-0	-0	-0	-1.1978e-06	-1.257e-06	-1.2592e-06	-0	-0	-0	-0	0	0	0	0	0	0	0	0	0	0	0	0	0	0	0	0	0	0	0	0	0	1.5849e-08	-2.0076e-08	-3.3583e-08	0	0	0	0	0	0	0	0	0	0	0	0	-0	-0	-0	-0	-0	-0	-0	-1.5299e-06	-1.58e-06	-1.4319e-06	-0	-0	-0	-0	-0	-0	-0	-0	-0	-0	-0	-0	-7.1581e-07	-7.3789e-07	-7.7134e-07	-7.9261e-07	-8.4054e-07	-9.8612e-07	-1.0616e-06
-3.7681e-07	-4.1018e-07	-4.5181e-07	-5.0483e-07	-5.8171e-07	-6.3903e-07	-6.8491e-07	-7.0369e-07	-7.0421e-07	-7.0083e-07	-5.9786e-07	-6.6918e-07	-6.4195e-07	-0	-0	-0	-0	-0	-0	-0	-0	-0	-0	-0	-0	-0	-0	-1.0393e-06	-1.0713e-06	-1.1095e-06	-1.1472e-06	-0	-0	-0	-0	-0	0	0	0	0	0	0	0	0	0	0	0	0	0	0	0	0	0	0	0	0	-5.3004e-10	-6.243e-08	-1.8093e-08	0	0	0	0	0	0	0	0	0	0	0	-0	-0	-0	-0	-0	-0	-0	-0	-1.3585e-06	-1.5092e-06	-1.4591e-06	-0	-0	-0	-0	-0	-0	-0	-0	-0	-0	-0	-0	-0	-0	-0	-0	-6.2497e-07	-9.1478e-07	-9.8497e-07
-0	-0	-0	-0	-4.2698e-07	-4.4636e-07	-5.2428e-07	-6.3912e-07	-6.7407e-07	-7.0886e-07	-7.0659e-07	-7.3199e-07	-4.5312e-07	-5.3892e-07	-6.1661e-07	-6.518e-07	-6.6248e-07	-0	-0	-0	-0	-0	-0	-0	-0	-0	-0	-0	-0	-0	-0	-0	-0	-0	-0	-0	0	0	0	0	0	0	0	0	0	0	0	0	0	0	0	0	0	0	0	0	-1.9965e-08	-3.0264e-08	-5.3339e-08	0	0	0	0	0	0	0	0	0	0	0	-0	-0	-0	-0	-0	-0	-0	-1.4267e-06	-1.5283e-06	-1.5345e-06	-0	-0	-0	0	-0	-0	-0	-0	-0	0	0	-0	-0	-0	-0	-0	-0	-0	-0	-9.438e-07
-0	-0	-0	0	-0	-0	-0	-4.8129e-07	-5.3573e-07	-6.5417e-07	-5.9677e-07	-6.4458e-07	-6.6272e-07	-7.142e-07	-7.388e-07	-7.2853e-07	-4.8814e-07	-6.8e-07	-0	-0	-0	-0	-7.5755e-07	-8.2783e-07	-0	-0	-0	-0	-0	-0	-0	-0	-0	-0	-0	-0	0	0	0	0	0	0	0	0	0	0	0	0	0	0	0	0	0	0	0	0	2.8659e-08	-1.0015e-07	-6.6355e-09	0	0	0	0	0	0	0	0	0	0	0	-0	-0	-0	-0	-0	-0	-0	-1.4182e-06	-1.5056e-06	-1.4667e-06	-0	-0	-0	-0	-0	-0	-0	-0	-0	-0	-0	-0	-0	-0	-0	-0	-0	-0	-0	-0
0	0	0	0	0	-0	-0	-0	-0	-3.4082e-07	-3.9053e-07	-6.5702e-07	-7.0238e-07	-7.143e-07	-5.9833e-07	-6.9459e-07	-0	-6.5046e-07	-0	-0	-0	-7.0283e-07	-6.1974e-07	-0	-0	-0	-0	-0	-0	-0	-0	-0	-0	-0	-0	-0	0	0	0	0	0	0	0	0	0	0	0	0	0	0	0	0	0	0	0	0	1.5735e-06	2.0442e-06	1.7112e-06	0	0	0	0	0	0	0	0	0	0	0	0	0	-0	-0	-0	-0	0	-1.2224e-06	-1.2173e-06	-1.357e-06	-0	-0	-0	-0	0	-0	-0	-0	-0	-0	0	-0	-0	0	-0	-0	-0	-0	-0	-0
0	0	0	0	0	0	0	-0	0	-0	0	-5.436e-07	-6.2017e-07	-6.5897e-07	-7.0717e-07	-4.1751e-07	-0	-0	-0	-0	-0	-0	-0	-0	-0	-0	-0	-0	-0	-0	-0	-0	-0	-0	-0	-0	0	0	0	0	0	0	0	0	0	0	0	0	0	0	0	0	0	0	0	0	4.216e-07	5.1549e-07	7.9861e-07	0	0	0	0	0	0	0	0	0	0	0	0	0	0	0	-0	-0	-0	-1.4541e-06	-1.4488e-06	-0	-0	-0	0	0	0	-0	0	0	0	0	0	0	0	0	0	0	0	0	0	0
0	0	0	0	0	0	0	-0	0	-0	-0	-4.6938e-07	-5.3246e-07	-5.6303e-07	-6.4255e-07	-0	-3.6971e-07	-0	-0	-0	-0	-0	-0	-0	-0	-0	-0	-0	0	-0	-0	-0	-0	-0	-0	-0	0	-0	0	0	0	0	0	0	0	0	0	0	0	0	0	0	0	0	0	0	2.358e-07	6.236e-09	-1.1068e-07	0	0	0	0	0	0	0	0	-0	-0	0	-0	-0	-0	-0	-0	-0	-1.249e-06	-1.2329e-06	-3.4084e-07	-0	-0	-0	-0	-0	-0	-0	0	0	-0	-0	-0	-0	-0	-0	-0	-0	-0	-0	-0	-0
0	0	0	0	0	0	0	0	-0	-0	-0	-0	-5.9173e-07	-5.1258e-07	-5.6349e-07	-6.488e-07	-0	-0	-0	-0	-0	-0	-0	-0	-0	-0	-0	-0	-0	-0	-0	-0	-0	-0	-0	-0	-0	-0	-0	0	0	0	0	0	0	0	0	0	0	0	0	0	0	0	0	-0	-2.4606e-07	-3.5481e-07	-3.304e-07	-0	-0	-0	-0	0	0	0	-0	-0	-0	-0	-0	-0	-0	-0	-0	-0	-1.5032e-06	-1.5604e-06	-1.4743e-06	-0	-0	-0	-0	-0	-0	-0	-0	-0	-0	-0	-0	-0	-0	-0	-0	-0	-0	-0	-0	-0
0	0	0	0	0	0	0	0	0	-0	-0	-0	-4.6978e-07	-5.6442e-07	-5.8755e-07	-4.2846e-07	-0	-0	-0	-0	-0	-0	-0	-0	-0	-0	0	-0	-0	-0	-0	-0	-0	-0	-0	-0	-0	0	-0	0	0	0	0	0	0	0	0	0	0	0	0	0	0	0	0	0	6.6871e-07	1.8904e-06	1.9083e-06	0	0	0	0	0	0	0	0	0	0	0	-0	-0	0	-0	-0	-0	-1.5375e-06	-1.5234e-06	-1.3501e-06	-0	-0	-0	-0	-0	-0	0	0	-0	0	0	-0	0	-0	-0	0	-0	-0	-0	-0	-0
0	0	0	0	0	0	0	0	0	0	0	0	3.5126e-07	3.1135e-07	-3.498e-07	-2.6928e-08	0	-0	-0	0	-0	-0	0	0	0	0	0	-0	-0	-0	-0	-0	-0	-0	-0	-0	-0	0	0	0	0	0	0	0	0	0	0	0	0	0	0	0	0	0	0	-0	-2.8757e-07	-2.1847e-07	4.1302e-07	-0	0	-0	-0	-0	0	0	0	-0	-0	-0	-0	-0	-0	-0	-0	-1.378e-06	-1.3652e-06	-1.5038e-06	-0	-0	-0	-0	-0	-0	-0	-0	-0	0	0	0	0	-0	-0	-0	0	-0	0	-0	0	-0
0	0	0	0	0	0	0	0	0	0	0	0	-5.6402e-08	-1.621e-07	-1.748e-07	-0	0	0	0	0	0	0	0	0	0	0	0	0	0	-0	0	-0	0	0	-0	-0	-0	0	0	0	0	0	0	0	0	0	0	0	0	0	0	0	0	0	0	-0	-2.2391e-07	-1.5599e-07	-3.3276e-07	0	0	-0	-0	0	0	0	0	-0	-0	-0	-0	-0	-0	-0	-0	-9.5747e-07	-1.4232e-06	-4.518e-07	-0	-0	0	0	0	-0	-0	0	0	0	0	0	0	0	0	0	0	0	0	0	0	-0
0	0	0	0	0	0	0	0	0	0	0	0	8.4394e-08	2.9792e-08	-6.7434e-09	0	0	0	0	0	0	0	0	0	0	0	0	0	0	0	-0	-0	0	0	0	0	0	0	0	0	0	0	0	0	0	0	0	0	0	0	0	0	0	0	0	-0	-3.1102e-07	-3.4798e-07	8.6189e-07	0	-0	0	0	-0	-0	-0	0	-0	-0	0	-0	-0	-0	-0	-0	-1.1613e-06	-1.1465e-06	-0	-0	0	0	-0	0	0	0	0	0	0	0	0	0	0	0	0	-0	0	0	0	0	-0
0	0	0	0	0	0	0	0	0	0	0	0	2.5971e-07	2.1666e-07	1.9094e-07	0	0	0	0	0	0	0	0	0	0	0	0	0	0	0	0	0	0	-0	-0	-0	0	-0	0	0	-0	0	0	0	0	0	0	0	0	0	0	0	0	0	-0	-0	-0	-2.3188e-07	3.6549e-07	-0	-0	0	-0	0	-0	-0	-0	-0	-0	-0	-0	-0	-0	-0	-1.3766e-06	-1.0366e-06	-1.3973e-06	-0	0	-0	0	-0	-0	-0	-0	-0	0	0	0	0	0	0	0	0	0	0	0	-0	0	-0
0	0	0	0	0	0	0	0	0	0	0	0	3.9384e-07	3.373e-07	2.7659e-07	0	0	0	0	0	0	0	0	0	0	0	0	0	0	0	0	0	0	0	0	0	0	-0	0	-0	0	0	0	0	0	0	0	0	0	0	0	0	0	0	0	-0	4.4977e-07	-5.1415e-07	-4.639e-07	0	0	0	0	-0	0	-0	-0	-0	0	-0	-0	0	-0	-0	5.4937e-07	-4.6284e-07	-5.7905e-07	-0	-0	0	-0	-0	0	-0	0	0	0	0	0	0	0	-0	-0	0	0	0	0	0	-0	0
0	0	0	0	0	0	0	0	0	0	6.6951e-07	1.2821e-06	5.564e-07	5.586e-07	4.3322e-07	0	0	0	0	0	0	0	0	0	0	0	0	0	0	0	0	0	0	0	0	-0	0	0	0	0	0	0	0	0	0	0	0	0	0	0	0	0	0	0	0	-0	-5.7111e-07	-5.0921e-07	-6.2567e-07	0	-0	0	0	0	-0	-0	-0	-0	-0	-0	-0	-0	-0	-0	-1.4837e-06	-1.3097e-06	-0	-0	-0	-0	0	0	0	0	0	0	0	0	0	0	0	0	-0	-0	0	0	-0	0	-0	-0
0	0	0	0	0	0	0	0	0	0	9.4832e-07	9.6441e-07	9.2487e-07	8.6423e-07	8.0162e-07	0	0	0	0	0	0	0	0	0	0	0	0	0	0	0	0	0	0	0	0	0	0	0	0	0	-3.6996e-08	0	-0	0	0	0	0	0	0	0	0	-0	0	-0	-0	-0	6.2583e-08	2.7801e-08	-6.4826e-07	-0	0	-0	-0	-0	0	0	0	-0	-0	-0	-0	-0	-0	-1.3499e-06	-6.8772e-07	-0	-0	-0	-0	-0	-0	-0	-0	0	0	0	0	0	0	0	0	0	0	0	-0	0	-0	0	-0	-0
0	0	0	0	0	0	0	0	0	0	1.4857e-06	2.0743e-06	2.3488e-06	2.0554e-06	2.6522e-06	0	0	0	0	0	0	0	0	0	0	0	0	0	0	0	0	0	0	0	0	0	0	0	0	0	1.2651e-06	-2.0646e-07	0	0	-0	0	0	0	0	0	-0	0	0	-0	0	0	-7.6999e-07	3.9823e-07	-8.5337e-07	0	-0	-0	-0	-0	-0	-0	-0	-0	-0	-0	-0	-0	-0	-1.2651e-06	-8.5265e-07	-0	-0	-0	-0	0	-0	0	-0	0	-0	0	0	0	0	0	0	0	-0	-0	-0	-0	0	-0	-0	-0
0	0	0	0	0	0	0	0	0	0	1.0221e-06	1.2734e-06	9.0224e-07	1.5564e-06	1.0373e-06	0	0	0	0	0	0	0	0	0	0	0	0	0	0	0	0	0	0	0	0	0	0	0	0	0	-1.1233e-07	-1.0333e-07	-1.223e-07	0	0	0	0	-0	0	0	0	0	0	0	-0	0	-6.5457e-07	-3.5682e-07	-7.3743e-07	-0	-0	-0	-0	-0	-0	-0	-0	-0	-0	-0	-0	-0	-1.5929e-06	-1.3736e-06	-1.4104e-06	-0	-0	-0	-0	-0	-0	-0	0	-0	0	0	0	0	0	-0	-0	0	0	-0	0	0	-0	-0	-0	-0
0	0	0	0	0	0	0	0	0	0	1.4812e-06	2.4522e-06	1.1132e-06	2.0173e-06	1.6874e-06	0	0	0	0	0	0	0	0	0	0	0	0	0	0	0	0	0	0	0	0	0	0	0	0	-0	-0	1.8704e-07	1.1951e-06	1.2847e-07	0	0	-0	-0	-0	0	0	0	0	-0	0	9.5007e-07	-7.1651e-07	-7.6854e-07	-8.3922e-07	-0	-0	0	-0	-0	-0	-0	-0	-0	-0	-0	-0	-1.5053e-06	-1.4241e-06	-1.4277e-06	-0	-0	0	-0	-0	0	-0	-0	0	0	0	-0	0	0	0	0	-0	-0	-0	0	0	0	-0	0	-0	0
0	0	0	0	0	0	0	0	0	0	1.2967e-06	1.2373e-06	1.1972e-06	1.1699e-06	1.0973e-06	0	0	0	0	0	0	0	0	0	0	0	0	0	0	0	0	0	0	0	0	0	0	0	0	0	-1.026e-08	1.5868e-06	9.6671e-07	2.0594e-07	1.1422e-06	-2.0916e-07	4.5209e-07	-2.4984e-07	1.311e-06	0	-4.7181e-07	1.5974e-06	4.5665e-07	-2.1018e-07	-6.5435e-07	1.3315e-06	2.3165e-08	-4.1674e-07	8.5481e-07	-7.1959e-07	-0	-0	-0	-0	-0	-0	-0	0	-0	-0	-0	-1.5697e-06	-1.2855e-06	3.7249e-07	-0	-0	-0	0	0	-0	-0	0	0	-0	-0	0	-0	-0	0	0	0	0	0	-0	0	0	0	0	0	-0
0	0	0	0	0	0	0	0	0	1.2598e-06	2.8736e-06	1.1088e-06	1.4189e-06	1.0603e-06	1.6645e-06	0	0	0	0	0	0	0	0	0	0	0	0	0	0	0	0	0	0	0	0	0	0	0	0	0	1.513e-06	-1.7909e-07	-2.6507e-07	1.057e-06	-3.1282e-07	-3.6182e-07	-4.4674e-08	8.9223e-07	-1.4174e-07	1.509e-06	-2.038e-07	2.6166e-07	6.6398e-07	-3.6518e-07	-2.5294e-08	-7.2364e-07	-1.9609e-07	-5.7902e-07	-1.1155e-06	-4.534e-07	-1.1749e-06	0	-0	-0	-0	-0	0	-0	-0	-0	-1.6452e-06	-1.0759e-06	-1.0263e-06	-1.5054e-06	-0	-0	-0	-0	-0	-0	0	-0	0	0	0	0	-0	0	-0	0	-0	0	-0	0	-0	-0	0	0	0	-0
0	0	0	0	0	0	0	0	0	1.3305e-06	1.6629e-06	2.2156e-06	1.5019e-06	3.0824e-06	2.0254e-06	0	0	0	0	0	0	0	0	0	0	0	0	0	0	0	0	0	0	0	0	0	0	0	0	0	-8.738e-08	2.511e-07	8.3256e-07	1.2195e-07	-2.4257e-07	-2.837e-07	1.8728e-08	-6.8078e-08	3.0037e-07	-4.9245e-07	-2.3492e-07	-3.039e-07	-5.8613e-08	-2.709e-07	6.9329e-07	-9.5832e-07	-6.2937e-07	-1.0658e-06	-7.0472e-07	-1.1475e-06	-1.2043e-06	-5.5995e-07	-1.1839e-06	-1.2476e-06	-1.3621e-06	-1.3757e-06	-3.305e-07	-0	7.0938e-07	-1.5828e-06	-1.5994e-06	5.8986e-08	-1.6064e-06	-1.3422e-06	-0	-0	-0	-0	-0	-0	-0	-0	-0	0	0	0	0	0	0	0	-0	0	0	-0	-0	0	-0	-0	-0	-0
0	0	0	0	0	0	0	0	0	1.5716e-06	2.7817e-06	2.5461e-06	3.3487e-06	1.7142e-06	3.5583e-06	0	0	0	0	0	0	0	0	0	0	0	0	0	0	0	0	0	0	0	0	0	0	0	0	0	1.8552e-06	2.1551e-07	1.906e-07	6.7462e-07	1.4124e-06	1.4094e-06	5.9794e-07	1.5242e-06	1.2074e-06	1.3934e-06	1.7454e-06	8.0854e-07	1.5906e-06	6.6514e-07	-3.2238e-08	1.2419e-06	8.5547e-07	1.1112e-06	-5.9172e-07	1.0829e-06	7.2076e-07	-1.2953e-06	-1.2985e-06	-1.3201e-06	-1.3901e-06	-1.5503e-06	-6.3992e-07	1.3216e-07	-1.5764e-06	4.002e-07	5.1559e-07	2.7157e-07	-1.0432e-06	0	-0	-0	-0	0	-0	-0	-0	-0	-0	-0	-0	0	0	0	-0	0	0	0	0	-0	0	0	-0	0	-0	-0
0	0	0	0	0	0	0	0	0	2.7409e-06	1.71e-06	2.7811e-06	1.9021e-06	2.8339e-06	0	0	0	0	0	0	0	0	0	0	0	0	0	0	0	0	0	0	0	0	0	0	0	0	0	0	-1.4553e-07	1.921e-06	9.7029e-07	1.6585e-06	1.8281e-07	4.8398e-07	8.6982e-08	4.1362e-07	-3.179e-07	6.9846e-07	-1.1417e-08	6.0788e-07	9.1362e-07	8.1966e-07	4.2735e-07	-9.2798e-07	-2.5781e-07	-6.1679e-07	-6.8739e-07	-1.0591e-06	-7.0492e-07	-1.14e-06	-1.136e-06	-7.7646e-07	-1.2305e-06	-2.6118e-07	-1.3293e-06	-4.6274e-07	-1.1669e-06	-1.1732e-06	-1.4804e-06	-1.6005e-06	-1.2531e-06	-0	0	-0	-0	0	-0	0	-0	0	-0	-0	-0	0	0	0	-0	-0	0	0	0	0	-0	0	0	0	-0	-0
0	0	0	0	0	0	0	0	0	2.3429e-06	3.596e-06	2.5046e-06	3.284e-06	3.3072e-06	3.3977e-06	0	0	0	0	0	0	0	0	0	0	0	0	0	0	0	0	0	0	0	0	0	0	0	0	2.644e-07	1.9767e-07	5.4719e-07	8.4363e-07	1.1203e-07	9.8575e-07	-3.0507e-07	0	0	0	1.086e-06	-0	1.3732e-07	0	0	-3.0562e-07	-0	5.7549e-07	-1.1677e-07	1.3874e-07	1.077e-06	-9.052e-07	2.7919e-07	2.1796e-08	7.1445e-07	4.6897e-07	4.8964e-07	-1.2979e-07	-9.7745e-07	-5.4194e-07	-1.7321e-06	-1.0793e-06	-1.7785e-06	-1.4808e-06	-0	-0	-0	-0	-0	-0	-0	0	-0	0	-0	-0	0	0	0	0	0	0	0	0	0	0	0	0	-0	-0	-0
0	0	0	0	0	0	0	0	1.4685e-06	1.398e-06	1.3453e-06	1.2669e-06	1.2552e-06	2.5777e-06	1.5518e-06	0	0	0	0	0	0	0	0	0	0	0	0	0	0	0	0	0	0	0	0	0	0	0	0	5.8764e-08	1.5243e-08	1.6273e-08	-5.077e-08	-9.9399e-08	0	-0	0	-0	0	0	0	0	-0	-0	-0	-0	0	-0	8.592e-07	0	-1.0715e-06	3.69e-07	-2.0967e-07	-5.4418e-07	2.0035e-08	3.1876e-07	-8.3177e-07	5.0044e-07	-1.8335e-06	-3.8852e-07	1.061e-07	-6.8936e-07	2.5228e-07	-0	-0	-0	-0	-0	-0	-0	-0	-0	-0	-0	-0	-0	-0	0	-0	0	0	-0	0	-0	-0	-0	-0	-0	-0	-0
