0	0	0	0	0	6.4285e+06	8.251e+06	1.0407e+07	9.0568e+06	6.9346e+06	0	0	0	0	0	0	0	0	0	0	0	0	0	0	0	0	0	0	0	0	0	0	0	0	0	0	0	0	0	0	0	0	0	0	6.1644e+06	6.9356e+06	6.527e+06	0	0	0	0	0	0	0	0	0	0	0	0	0	0	0	0	0	0	0	0	0	0	0	0	0	0	0	0	0	0	0	0	0	0	0	0	0	0	6.5505e+06	6.4571e+06	6.1156e+06	0	0	0	0	0	0	0	0	0	0	0	0
0	0	0	0	0	0	7.9725e+06	1.0394e+07	9.5876e+06	7.022e+06	0	0	0	0	0	0	0	0	0	0	0	0	0	0	0	0	0	0	0	0	0	0	0	0	0	0	0	0	0	0	0	0	0	0	6.9785e+06	6.2434e+06	6.5267e+06	0	0	0	0	0	0	0	0	0	0	0	0	0	0	0	0	0	0	0	0	0	0	0	0	0	0	0	0	0	0	0	0	0	0	0	0	0	0	6.4997e+06	6.8504e+06	0	0	0	0	0	0	0	0	0	0	0	0	0
0	0	0	0	0	0	7.2393e+06	9.7785e+06	9.5433e+06	7.1882e+06	0	0	0	0	0	0	0	0	0	0	0	0	0	0	0	0	0	0	0	0	0	0	0	0	0	0	0	0	0	0	0	0	0	0	7.0713e+06	6.5508e+06	6.4346e+06	0	0	0	0	0	0	0	0	0	0	0	0	0	0	0	0	0	0	0	0	0	0	0	0	0	0	0	0	0	0	0	0	0	0	0	0	0	0	6.6728e+06	6.4667e+06	0	0	0	0	0	0	0	0	0	0	0	0	0
0	0	0	0	0	0	7.564e+06	9.8737e+06	9.7688e+06	7.2016e+06	0	0	0	0	0	0	0	0	0	0	0	0	0	0	0	0	0	0	0	0	0	0	0	0	0	0	0	0	0	0	0	6.2547e+06	7.0086e+06	6.3515e+06	7.15e+06	6.175e+06	6.2329e+06	6.7335e+06	0	0	0	0	0	0	0	0	0	0	0	0	0	0	0	0	0	0	0	0	0	0	0	0	0	0	0	0	0	0	0	0	0	0	0	0	0	6.3493e+06	6.147e+06	0	0	0	0	0	0	0	0	0	0	0	0	0
0	0	0	0	0	0	6.8115e+06	9.4596e+06	9.4921e+06	7.4681e+06	0	0	0	0	0	0	0	0	0	0	0	0	0	0	0	0	0	0	0	0	0	0	0	0	0	0	0	0	0	0	6.1712e+06	6.4821e+06	7.2184e+06	7.1522e+06	7.0758e+06	7.1214e+06	6.918e+06	6.6149e+06	6.4566e+06	0	0	0	0	0	0	0	0	0	0	0	0	0	0	0	0	0	0	0	0	0	0	0	0	0	0	0	0	0	0	0	0	0	0	0	0	6.2701e+06	6.4127e+06	0	0	0	0	0	0	0	0	0	0	0	0	0
0	0	0	0	0	0	6.7458e+06	8.7366e+06	9.5364e+06	7.48e+06	0	0	0	0	0	0	0	0	0	0	0	0	0	0	0	0	0	0	0	0	0	0	0	0	0	0	0	0	6.4552e+06	7.1966e+06	7.8223e+06	7.4883e+06	7.6193e+06	6.8658e+06	6.6348e+06	6.677e+06	6.646e+06	6.4047e+06	6.7167e+06	6.5643e+06	0	0	0	0	0	0	0	0	0	0	0	0	0	0	0	0	0	0	0	0	0	0	0	0	0	0	0	0	0	0	0	0	0	0	0	6.2094e+06	6.4634e+06	0	0	0	0	0	0	0	0	0	0	0	0	0
0	0	0	0	0	0	6.159e+06	7.95e+06	9.149e+06	7.4283e+06	0	0	0	0	0	0	0	0	0	0	0	0	0	0	0	0	0	0	0	0	0	0	0	0	0	0	0	6.929e+06	7.966e+06	8.3654e+06	8.0071e+06	7.7816e+06	7.1595e+06	6.5862e+06	6.3173e+06	0	0	6.3846e+06	6.0903e+06	6.3877e+06	6.9752e+06	6.5931e+06	0	0	0	0	0	0	0	0	0	0	0	0	0	0	0	0	0	0	0	0	0	0	0	0	0	0	0	0	0	0	0	0	0	6.2058e+06	6.1017e+06	0	0	0	0	0	0	0	0	0	0	0	0	0
0	0	0	0	0	0	0	7.5234e+06	8.9813e+06	7.5911e+06	0	0	0	0	0	0	0	0	0	0	0	0	0	0	0	0	0	0	0	0	0	0	0	0	0	6.2582e+06	7.5006e+06	8.2514e+06	8.6096e+06	8.7047e+06	7.9967e+06	6.6248e+06	0	0	0	0	0	0	0	0	6.1468e+06	6.776e+06	6.5867e+06	0	0	0	0	0	0	0	0	0	0	0	0	0	0	0	0	0	0	0	0	0	0	0	0	0	0	0	0	0	0	0	0	6.2318e+06	6.2854e+06	0	0	0	0	0	0	0	0	0	0	0	0	0
0	0	0	0	0	0	0	6.9113e+06	8.7297e+06	8.2958e+06	6.5982e+06	0	0	0	0	0	0	0	0	0	0	0	0	0	0	0	0	0	0	0	0	0	0	0	7.0303e+06	7.9337e+06	8.7595e+06	8.7041e+06	8.2001e+06	6.8461e+06	0	0	0	0	0	0	0	0	0	0	0	6.2422e+06	7.2425e+06	6.7513e+06	6.3924e+06	0	0	0	0	0	0	0	0	0	0	0	0	0	0	0	0	0	0	0	0	0	0	0	0	0	0	0	0	0	0	6.4779e+06	0	0	0	0	0	0	0	0	0	0	0	0	0	0
0	0	0	0	0	0	0	7.4092e+06	8.7425e+06	8.5104e+06	6.9872e+06	0	0	0	0	0	0	0	0	0	0	0	0	0	0	0	0	0	0	0	0	0	6.3974e+06	7.2417e+06	7.9998e+06	8.3696e+06	7.9023e+06	7.5194e+06	6.6955e+06	0	0	0	0	0	0	0	0	0	0	0	0	0	6.9063e+06	7.104e+06	6.8586e+06	6.7388e+06	0	0	0	0	0	0	0	0	0	0	0	0	0	0	0	0	0	0	0	0	0	0	0	0	0	0	0	0	0	0	0	0	0	0	0	0	0	0	0	0	0	0	0	0
0	0	0	0	0	0	6.4343e+06	7.9193e+06	8.5997e+06	8.6998e+06	7.6294e+06	6.8416e+06	0	0	0	0	0	0	0	0	0	0	0	0	0	0	0	0	0	0	0	6.6641e+06	7.5266e+06	7.9279e+06	7.724e+06	8.0844e+06	6.7285e+06	0	0	0	0	0	0	0	0	0	0	0	0	0	0	0	0	6.3751e+06	6.9616e+06	7.2707e+06	7.0514e+06	7.0268e+06	6.1239e+06	0	0	0	0	0	0	0	0	0	0	0	0	0	0	0	0	0	0	0	0	0	0	0	0	0	0	0	0	0	0	0	0	0	0	0	0	0	0	0	0	0
0	0	0	0	0	6.6151e+06	7.4054e+06	8.5457e+06	9.0801e+06	8.8977e+06	8.0449e+06	7.6171e+06	6.723e+06	7.4642e+06	6.6409e+06	0	0	0	0	0	0	0	0	0	0	0	0	0	0	6.5992e+06	6.9091e+06	7.221e+06	7.6387e+06	7.783e+06	7.2952e+06	6.3885e+06	0	0	0	0	0	0	0	0	0	0	0	0	0	0	0	0	0	0	0	6.1722e+06	6.9257e+06	7.2679e+06	7.2887e+06	7.4863e+06	6.5574e+06	0	0	0	0	0	0	0	0	0	0	0	0	0	0	0	0	0	0	0	0	0	0	0	6.1519e+06	6.2497e+06	0	0	0	0	0	0	0	0	0	0	0	0	0	0
0	0	0	0	6.7552e+06	7.9491e+06	9.0202e+06	8.6563e+06	8.4791e+06	8.2823e+06	8.1643e+06	6.816e+06	6.3488e+06	0	6.9379e+06	7.8645e+06	7.7782e+06	7.6478e+06	7.2947e+06	7.6228e+06	6.8223e+06	6.8796e+06	6.2009e+06	0	0	0	0	6.4722e+06	6.3942e+06	7.1217e+06	7.4869e+06	7.7782e+06	7.1131e+06	6.0972e+06	0	0	0	0	0	0	0	0	0	0	0	0	0	0	0	0	0	0	0	0	0	0	6.1238e+06	6.5602e+06	7.1805e+06	7.4975e+06	7.1632e+06	6.8831e+06	6.4899e+06	0	0	0	0	0	0	0	0	0	0	0	0	0	0	0	0	0	0	0	0	0	6.2327e+06	6.8562e+06	0	0	0	0	0	0	0	0	0	0	0	0	0	0
0	0	6.182e+06	7.2864e+06	8.1971e+06	8.4925e+06	7.8215e+06	7.5437e+06	6.5309e+06	6.2187e+06	0	0	0	0	0	6.1955e+06	6.4765e+06	6.7034e+06	7.4456e+06	7.5151e+06	8.25e+06	7.6245e+06	0	6.238e+06	6.7349e+06	6.6422e+06	6.7034e+06	6.558e+06	7.1246e+06	7.0671e+06	7.4613e+06	6.6681e+06	0	0	0	0	0	0	0	0	0	0	0	0	0	0	0	0	0	0	0	0	0	0	0	0	0	6.3258e+06	6.8033e+06	7.348e+06	7.2355e+06	6.9721e+06	6.9449e+06	6.4221e+06	6.1303e+06	0	0	0	0	0	0	0	0	0	0	0	0	0	0	0	0	0	0	0	6.3566e+06	6.3825e+06	0	0	0	0	0	0	0	0	0	0	0	0	0	0
6.3106e+06	0	7.3923e+06	7.8973e+06	7.7847e+06	7.2576e+06	6.5375e+06	0	0	0	0	0	0	0	0	0	0	0	0	0	0	6.238e+06	6.3349e+06	6.1672e+06	0	6.1373e+06	7.2884e+06	7.4957e+06	7.4898e+06	7.2378e+06	6.3819e+06	0	0	0	0	0	0	0	0	0	0	0	0	0	0	0	0	0	0	0	0	0	0	0	0	0	0	0	0	6.9938e+06	7.5616e+06	7.8573e+06	7.2715e+06	7.1826e+06	6.7859e+06	0	0	0	0	0	0	0	0	0	0	0	0	0	0	0	0	0	0	0	6.3351e+06	6.6736e+06	0	0	0	0	0	0	0	0	0	0	0	0	0	0
7.7477e+06	7.6689e+06	8.475e+06	8.2219e+06	6.6092e+06	0	0	0	0	0	0	0	0	0	0	0	0	0	0	0	0	0	0	0	0	0	7.1126e+06	7.3442e+06	7.7138e+06	0	0	0	0	0	0	0	0	0	0	0	0	0	0	0	0	0	0	0	0	0	0	0	0	0	0	0	0	0	0	6.0943e+06	7.2025e+06	8.4097e+06	8.2322e+06	7.7353e+06	6.6942e+06	6.8288e+06	6.3844e+06	0	0	6.2352e+06	0	0	0	0	0	0	0	0	0	0	0	0	0	0	6.4377e+06	6.6033e+06	0	0	0	0	0	0	0	0	0	0	0	0	0	0
8.2556e+06	7.251e+06	6.9981e+06	0	0	0	0	0	0	0	0	0	0	0	0	0	0	0	0	0	0	0	0	0	0	0	7.3987e+06	8.0928e+06	7.5982e+06	0	0	0	0	0	0	0	0	0	0	0	0	0	0	0	0	0	0	0	0	0	0	0	0	0	0	0	0	0	0	0	7.1718e+06	8.7474e+06	9.22e+06	7.7187e+06	6.9076e+06	6.5022e+06	6.2645e+06	6.2691e+06	6.5299e+06	6.2051e+06	6.4575e+06	6.4502e+06	6.578e+06	6.672e+06	6.5044e+06	6.5108e+06	6.2274e+06	0	0	0	0	0	0	6.1699e+06	6.6216e+06	6.5533e+06	0	0	0	0	0	0	0	0	0	0	0	0	0	0
6.8263e+06	6.3984e+06	0	0	0	0	0	0	0	0	0	0	0	0	0	0	0	0	0	0	0	0	0	0	0	0	0	7.5698e+06	7.3776e+06	0	0	0	0	0	0	0	0	0	0	0	0	0	0	0	0	0	0	0	0	0	0	0	0	0	0	0	0	0	0	6.3792e+06	7.3396e+06	8.942e+06	8.6506e+06	6.778e+06	6.2236e+06	0	0	0	0	6.1682e+06	6.4901e+06	6.4713e+06	6.6096e+06	7.065e+06	6.9875e+06	6.831e+06	6.6805e+06	6.6994e+06	6.517e+06	6.364e+06	6.1841e+06	0	0	0	6.9059e+06	6.8063e+06	0	0	0	0	0	0	0	0	0	0	0	0	0	0
0	0	0	0	0	0	0	0	0	0	0	0	0	0	0	0	0	0	0	0	0	0	0	0	0	0	0	7.0393e+06	7.0056e+06	0	0	0	0	0	0	0	0	0	0	0	0	0	0	0	0	0	0	0	0	0	0	0	0	0	0	0	0	0	0	6.1174e+06	7.963e+06	9.9642e+06	7.6388e+06	6.224e+06	0	0	0	0	0	0	0	0	6.1558e+06	6.1863e+06	6.4446e+06	6.6133e+06	6.6519e+06	6.9306e+06	6.623e+06	6.6153e+06	6.4482e+06	6.1763e+06	0	6.2331e+06	6.801e+06	6.9963e+06	0	0	0	0	0	0	0	0	0	0	0	0	0	0
0	0	0	0	0	0	0	0	0	0	0	0	0	0	0	0	0	0	0	0	0	0	0	0	0	0	0	0	6.5755e+06	0	0	0	0	0	0	0	0	0	0	0	0	0	0	0	0	0	0	0	0	0	0	0	0	0	0	0	0	0	0	6.666e+06	9.3543e+06	1.011e+07	6.8277e+06	0	0	0	0	0	0	0	0	0	0	0	0	0	0	6.2324e+06	6.3432e+06	6.6462e+06	6.4645e+06	6.4153e+06	6.1541e+06	6.2642e+06	6.6516e+06	7.0315e+06	6.2991e+06	0	0	0	0	0	0	0	0	0	0	0	0	0
0	0	0	0	0	0	0	0	0	0	0	0	0	0	0	0	0	0	0	0	0	0	0	0	0	0	0	0	6.12e+06	0	0	0	0	0	0	0	0	0	0	0	0	0	0	0	0	0	0	0	0	0	0	0	0	0	0	0	0	0	0	7.04e+06	9.6321e+06	8.4245e+06	0	0	0	0	0	0	0	0	0	0	0	0	0	0	0	0	0	0	6.3617e+06	6.415e+06	6.1919e+06	6.1322e+06	6.5101e+06	6.7438e+06	6.7382e+06	0	0	0	0	0	0	0	0	0	0	0	0	0
0	0	0	0	0	0	0	0	0	0	0	0	0	0	0	0	0	0	0	0	0	0	0	0	0	0	0	0	0	0	0	0	0	0	0	0	0	0	0	0	0	0	0	0	0	0	0	0	0	0	0	0	0	0	0	0	0	0	0	8.0543e+06	1.0156e+07	7.834e+06	0	0	0	0	0	0	0	0	0	0	0	0	0	0	0	0	0	0	0	0	0	6.3818e+06	0	6.6931e+06	6.9255e+06	0	0	0	0	0	0	0	0	0	0	0	0	0
0	0	0	0	0	0	0	0	0	0	0	0	0	0	0	0	0	0	0	0	0	0	0	0	0	0	0	0	0	6.4535e+06	0	0	0	0	0	0	0	0	0	0	0	0	0	0	0	0	0	0	0	0	0	0	0	0	0	0	0	0	6.2607e+06	8.8738e+06	9.3535e+06	7.3891e+06	0	0	0	0	0	0	0	0	0	0	0	0	0	0	0	0	0	0	0	0	0	6.2782e+06	0	6.3517e+06	6.8263e+06	6.6478e+06	0	0	0	0	0	0	0	0	0	0	0	0
0	0	0	0	0	0	0	0	0	0	0	0	0	0	0	0	0	0	0	0	0	0	0	0	0	0	0	0	0	6.2827e+06	0	0	0	0	0	0	0	0	0	0	0	0	0	0	0	0	0	0	0	0	0	0	0	0	0	0	0	0	6.966e+06	1.0339e+07	9.5605e+06	6.4802e+06	0	0	0	0	0	0	0	0	0	0	0	0	0	0	0	0	0	0	0	0	0	0	0	0	6.2554e+06	6.783e+06	7.0417e+06	6.4011e+06	0	0	0	0	0	0	0	0	0	0
0	0	0	0	0	0	0	0	0	0	0	0	0	0	0	0	0	0	0	0	0	0	0	0	0	0	0	0	0	7.0989e+06	0	0	0	0	0	0	0	0	0	0	0	0	0	0	0	0	0	0	0	0	0	0	0	0	0	0	0	0	7.6341e+06	1.0865e+07	9.4948e+06	6.1847e+06	0	0	0	0	0	0	0	0	0	0	0	0	0	0	0	0	0	0	0	0	0	0	0	0	0	6.2453e+06	6.8914e+06	6.8245e+06	6.7889e+06	6.3835e+06	0	0	0	0	0	0	0	0
0	0	0	0	0	0	0	0	0	0	0	0	0	0	0	0	0	0	0	0	0	0	0	0	0	0	0	0	0	6.5893e+06	6.407e+06	0	0	0	0	0	0	0	0	0	0	0	0	0	0	0	0	0	0	0	0	0	0	0	0	0	0	6.0985e+06	8.3317e+06	1.0846e+07	8.0419e+06	0	0	0	0	0	0	0	0	0	0	0	0	0	0	0	0	0	0	0	0	0	0	0	0	0	0	0	6.4373e+06	6.763e+06	7.2735e+06	7.5302e+06	7.3272e+06	7.2807e+06	7.1235e+06	6.9533e+06	6.1867e+06	0	0	0
0	0	0	0	0	0	0	0	0	0	0	0	0	0	0	0	0	0	0	0	0	0	0	0	0	0	0	0	0	6.1459e+06	6.6563e+06	0	0	0	0	0	0	0	0	0	0	0	0	0	0	0	0	0	0	0	0	0	0	0	0	0	0	6.231e+06	8.9166e+06	1.0863e+07	7.6854e+06	0	0	0	0	0	0	0	0	0	0	0	0	0	0	0	0	0	0	0	0	0	0	0	0	0	0	0	6.0861e+06	6.3266e+06	6.6331e+06	6.7195e+06	6.9709e+06	7.2006e+06	7.2632e+06	7.6775e+06	7.0987e+06	6.7678e+06	6.7759e+06	6.8459e+06
0	0	0	0	0	0	0	0	0	0	0	0	0	0	0	0	0	0	0	0	0	0	0	0	0	0	0	0	0	0	6.8072e+06	0	0	0	0	0	0	0	0	0	0	0	0	0	0	0	0	0	0	0	0	0	0	0	0	0	0	6.5564e+06	9.9629e+06	1.0553e+07	6.8581e+06	0	0	0	0	0	0	0	0	0	0	0	0	0	0	0	0	0	0	0	0	0	0	0	0	0	0	0	0	6.2856e+06	6.1201e+06	6.2321e+06	6.4705e+06	6.4088e+06	6.7044e+06	6.9292e+06	6.9608e+06	7.5034e+06	7.0938e+06	7.0105e+06
0	0	0	0	0	0	0	0	0	0	0	0	0	0	0	0	0	0	0	0	0	0	0	0	0	0	0	0	0	0	6.0857e+06	0	0	0	0	0	0	0	0	0	0	0	0	0	0	0	0	0	0	0	0	0	0	0	0	0	0	6.779e+06	1.0293e+07	1.0203e+07	6.9375e+06	0	0	0	0	0	0	0	0	0	0	0	0	0	0	0	0	0	0	0	0	0	0	0	0	0	0	0	0	0	0	0	0	0	0	6.3161e+06	6.2634e+06	6.4915e+06	6.7372e+06	6.8186e+06
0	0	0	0	0	0	0	0	0	0	0	0	0	0	0	0	0	0	0	0	0	0	0	0	0	0	0	0	0	0	6.403e+06	6.2706e+06	0	0	0	0	0	0	0	0	0	0	0	0	0	0	0	0	0	0	0	0	0	0	0	0	0	7.6008e+06	1.104e+07	9.724e+06	6.2025e+06	0	0	0	0	0	0	0	0	0	0	0	0	0	0	0	0	0	0	0	0	0	0	0	0	0	0	0	0	0	0	0	0	0	0	0	0	0	0	0
0	0	0	0	0	0	0	0	0	0	0	0	0	0	0	0	0	0	0	0	0	0	0	0	0	0	0	0	0	0	6.153e+06	6.5165e+06	0	0	0	0	0	0	0	0	0	0	0	0	0	0	0	0	0	0	0	0	0	0	0	0	0	7.8543e+06	9.8566e+06	9.0023e+06	0	0	0	0	0	0	0	0	0	0	0	0	0	0	0	0	0	0	0	0	0	0	0	0	0	0	0	0	0	0	0	0	0	0	0	0	0	0	0	0
0	0	0	0	0	0	0	0	0	0	0	0	0	0	0	0	0	0	0	0	0	0	0	0	0	0	0	0	0	0	0	6.8163e+06	0	0	0	0	0	0	0	0	0	0	0	0	0	0	0	0	0	0	0	0	0	0	0	0	0	8.5819e+06	9.8977e+06	8.2313e+06	0	0	0	0	0	0	0	0	0	0	0	0	0	0	0	0	0	0	0	0	0	0	0	0	0	0	0	0	0	0	0	0	0	0	0	0	0	0	0	0
0	0	0	0	0	0	0	0	0	0	0	0	0	0	0	0	0	0	0	0	0	0	0	0	0	0	0	0	0	0	0	6.7466e+06	0	0	0	0	0	0	0	0	0	0	0	0	0	0	0	0	0	0	0	0	0	0	0	0	6.2495e+06	9.0261e+06	1.122e+07	7.8271e+06	0	0	0	0	0	0	0	0	0	0	0	0	0	0	0	0	0	0	0	0	0	0	6.3408e+06	0	0	0	0	0	0	0	0	0	0	0	0	0	0	0	0	0
0	0	0	0	0	0	0	0	0	0	0	0	0	0	0	0	0	0	0	0	0	0	0	0	0	0	0	0	0	0	0	6.1647e+06	0	0	0	0	0	0	0	0	0	0	0	0	0	0	0	0	0	0	0	0	0	0	0	0	6.7703e+06	9.528e+06	1.0197e+07	7.3322e+06	0	0	0	0	0	0	0	0	0	0	0	0	0	0	0	0	0	0	0	0	0	6.2313e+06	6.3601e+06	0	0	0	0	0	0	0	0	0	0	0	0	0	0	0	0	0
0	0	0	0	0	0	0	0	0	0	0	0	0	0	0	0	0	0	0	0	0	0	0	0	0	0	0	0	0	0	0	0	0	0	0	0	0	0	0	0	0	0	0	0	0	0	0	0	0	0	0	0	0	0	0	0	7.3648e+06	1.0086e+07	9.6997e+06	6.8083e+06	0	0	0	0	0	0	0	0	0	0	0	0	0	0	0	0	0	0	0	0	0	6.3045e+06	6.5825e+06	6.1793e+06	0	0	0	0	0	0	0	0	0	0	0	0	0	0	0	0
0	0	0	0	0	0	0	0	0	0	0	0	0	0	0	0	0	0	0	0	0	0	0	0	0	0	0	0	0	0	0	6.176e+06	6.2204e+06	0	0	0	0	0	0	0	0	0	0	0	0	0	0	0	0	0	0	0	0	0	0	0	8.1672e+06	1.1454e+07	9.0346e+06	6.3629e+06	0	0	0	0	0	0	0	0	0	0	0	0	0	0	0	0	0	0	0	0	0	6.3503e+06	6.4395e+06	6.1953e+06	0	0	0	0	0	0	0	0	0	0	0	0	0	0	0	0
0	0	0	0	0	0	0	0	0	0	0	0	0	0	0	0	0	0	0	0	0	0	0	0	0	0	0	0	0	0	0	6.1486e+06	6.2452e+06	0	0	0	0	0	0	0	0	0	0	0	0	0	0	0	0	0	0	0	0	0	0	6.147e+06	9.3691e+06	1.0793e+07	7.8117e+06	0	0	0	0	0	0	0	0	0	0	0	0	0	0	0	0	0	0	0	0	0	0	6.3011e+06	6.478e+06	6.1561e+06	0	0	0	0	0	0	0	0	0	0	0	0	0	0	0	0
0	0	0	0	0	0	0	0	0	0	0	0	0	0	0	0	0	0	0	0	0	0	0	0	0	0	0	0	0	0	0	6.4291e+06	6.8641e+06	0	0	0	0	0	0	0	0	0	0	0	0	0	0	0	0	0	0	0	0	0	0	6.6565e+06	9.9768e+06	1.0016e+07	6.895e+06	0	0	0	0	0	0	0	0	0	0	0	0	0	0	0	0	0	0	0	0	0	0	6.5503e+06	6.7242e+06	0	0	0	0	0	0	0	0	0	0	0	0	0	0	0	0	0
0	0	0	0	0	0	0	0	0	0	0	0	0	0	0	0	0	0	0	0	0	0	0	0	0	0	0	0	0	0	0	6.7772e+06	7.5123e+06	0	0	0	0	0	0	0	0	0	0	0	0	0	0	0	0	0	0	0	0	0	0	7.2887e+06	1.0458e+07	8.6213e+06	6.1339e+06	0	0	0	0	0	0	0	0	0	0	0	0	0	0	0	0	0	0	0	0	0	0	6.3949e+06	6.4772e+06	0	0	0	0	0	0	0	0	0	0	0	0	0	0	0	0	0
0	0	0	0	0	0	0	0	0	0	0	0	0	0	0	0	0	0	0	0	0	0	0	0	0	0	0	0	0	0	0	6.8205e+06	8.0152e+06	6.391e+06	0	0	0	0	0	0	0	0	0	0	0	0	0	0	0	0	0	0	0	0	0	7.963e+06	1.0765e+07	7.7113e+06	0	0	0	0	0	0	0	0	0	0	0	0	0	0	0	0	0	0	0	0	0	0	0	6.2815e+06	6.3041e+06	0	0	0	0	0	0	0	0	0	0	0	0	0	0	0	0	0
0	0	0	0	0	0	0	0	0	0	0	0	0	0	0	0	0	0	0	0	0	0	0	0	0	0	0	0	0	0	6.7976e+06	7.7911e+06	7.8297e+06	7.1347e+06	0	0	0	0	0	0	0	0	0	0	0	0	0	0	0	0	0	0	0	0	0	8.4175e+06	1.0433e+07	6.9757e+06	0	0	0	0	0	0	0	0	0	0	0	0	0	0	0	0	0	0	0	0	0	0	6.1178e+06	6.1819e+06	6.2752e+06	0	0	0	0	0	0	0	0	0	0	0	0	0	0	0	0	0
0	0	0	0	0	0	0	0	0	0	0	0	0	0	0	0	0	0	0	0	0	0	0	0	0	0	0	6.2924e+06	6.6666e+06	7.1834e+06	7.1768e+06	8.4673e+06	8.1534e+06	7.4832e+06	0	0	0	0	0	0	0	0	0	0	0	0	0	0	0	0	0	0	0	0	0	9.0707e+06	9.5857e+06	6.2737e+06	0	0	0	0	0	0	0	0	0	0	0	0	0	0	0	0	0	0	0	0	0	0	6.4726e+06	6.6406e+06	6.2512e+06	0	0	0	0	0	0	0	0	0	0	0	0	0	0	0	0	0
0	0	0	0	0	0	0	0	0	0	0	0	0	0	0	0	0	0	6.209e+06	6.4665e+06	6.9529e+06	7.2327e+06	6.9758e+06	6.5588e+06	6.9999e+06	7.271e+06	7.9985e+06	9.372e+06	8.8389e+06	8.6367e+06	7.8337e+06	7.9547e+06	7.8048e+06	8.6263e+06	0	0	0	0	0	0	0	0	0	0	0	0	0	0	0	0	0	0	0	0	6.4623e+06	9.3954e+06	8.8385e+06	0	0	0	0	0	0	0	0	0	0	0	0	0	0	0	0	0	0	0	0	0	0	6.1671e+06	6.7912e+06	6.8604e+06	6.6151e+06	0	0	0	0	0	0	0	0	0	0	0	0	0	0	0	0	0
0	0	0	0	0	0	0	0	0	0	0	0	0	0	6.6366e+06	7.3129e+06	7.9378e+06	8.5794e+06	8.8349e+06	9.02e+06	9.3917e+06	9.0292e+06	7.4835e+06	8.6553e+06	9.2951e+06	8.2437e+06	6.9572e+06	7.4174e+06	6.8235e+06	7.0126e+06	7.2084e+06	6.9797e+06	7.8771e+06	8.7855e+06	6.6564e+06	0	0	0	0	0	0	0	0	0	0	0	0	0	0	0	0	0	0	0	6.734e+06	9.8487e+06	7.9466e+06	0	0	0	0	0	0	0	0	0	0	0	0	0	0	0	0	0	0	0	0	0	0	6.2951e+06	6.6448e+06	6.9354e+06	6.6996e+06	0	0	0	0	0	0	0	0	0	0	0	0	0	0	0	0	0
0	0	0	0	0	0	0	0	0	6.2822e+06	6.8574e+06	7.2831e+06	7.6289e+06	8.7695e+06	9.5414e+06	9.9683e+06	1.0759e+07	1.0332e+07	1.1081e+07	1.048e+07	9.1536e+06	6.5127e+06	6.7147e+06	7.836e+06	7.5013e+06	6.5783e+06	6.1e+06	0	0	0	0	6.3145e+06	6.9262e+06	7.7076e+06	7.3208e+06	0	0	0	0	0	0	0	0	0	0	0	0	0	0	0	0	0	0	0	6.9088e+06	1.0151e+07	7.0729e+06	0	0	0	0	0	0	0	0	0	0	0	0	0	0	0	0	0	0	0	0	0	0	6.4027e+06	6.7987e+06	7.4151e+06	7.5393e+06	6.6257e+06	0	0	0	0	0	0	0	0	0	0	0	0	0	0	0	0
0	0	0	0	0	0	6.8871e+06	7.4935e+06	7.6917e+06	8.936e+06	9.7971e+06	1.0404e+07	1.0144e+07	1.0906e+07	1.0321e+07	9.6731e+06	8.965e+06	8.1682e+06	7.9999e+06	7.7465e+06	6.623e+06	0	0	0	0	0	0	0	0	0	0	0	0	7.4439e+06	7.3033e+06	6.6114e+06	0	0	0	0	0	0	0	0	0	0	0	0	0	0	0	0	0	0	7.6356e+06	9.1222e+06	6.434e+06	0	0	0	0	0	0	0	0	0	0	0	0	0	0	0	0	0	0	0	0	0	0	6.4648e+06	6.8947e+06	7.4299e+06	8.1373e+06	7.9585e+06	7.5206e+06	6.4918e+06	0	0	0	0	0	0	0	0	0	0	0	0	0	0
0	0	0	6.3062e+06	7.2247e+06	8.2529e+06	9.5424e+06	9.8241e+06	1.1121e+07	1.1007e+07	1.0707e+07	9.4171e+06	8.7081e+06	8.3296e+06	7.3243e+06	6.7507e+06	6.2487e+06	6.2571e+06	0	0	0	0	0	0	0	0	0	0	0	0	0	0	0	6.4867e+06	7.2607e+06	7.1743e+06	0	0	0	0	0	0	0	0	0	0	0	0	0	0	0	0	0	6.1232e+06	8.0249e+06	8.4669e+06	6.5132e+06	0	0	0	0	0	0	0	0	0	0	0	0	0	0	0	0	0	0	0	0	0	6.4662e+06	6.2447e+06	6.8028e+06	6.7626e+06	7.3133e+06	7.8289e+06	8.764e+06	8.5804e+06	8.3508e+06	7.3434e+06	7.0916e+06	6.26e+06	0	0	0	0	0	0	0	0	0	0
0	6.4053e+06	7.0232e+06	8.3873e+06	9.5406e+06	1.0034e+07	1.0845e+07	1.057e+07	9.6913e+06	8.5988e+06	7.8479e+06	7.1382e+06	6.5766e+06	6.3738e+06	0	0	0	0	0	0	0	0	0	0	0	0	0	0	0	0	0	0	0	0	7.6113e+06	7.6968e+06	0	0	0	0	0	0	0	0	0	0	0	0	0	0	0	0	6.382e+06	7.0873e+06	8.2047e+06	8.0076e+06	6.3601e+06	0	0	0	0	0	0	0	0	0	0	0	0	0	0	0	0	0	0	0	0	0	6.173e+06	0	6.1063e+06	0	0	0	0	7.5819e+06	8.636e+06	9.3976e+06	9.2233e+06	8.6866e+06	8.1016e+06	7.8175e+06	7.3762e+06	7.4191e+06	6.6692e+06	6.3782e+06	0	0	0	0
8.3358e+06	9.0134e+06	1.0034e+07	1.0209e+07	1.0253e+07	9.0107e+06	8.1239e+06	7.8499e+06	7.1521e+06	6.3459e+06	0	0	0	0	0	0	0	0	0	0	0	0	0	0	0	0	0	0	0	0	0	0	0	0	0	7.266e+06	7.0162e+06	7.0221e+06	0	0	0	0	0	6.1596e+06	6.5103e+06	6.5735e+06	7.0068e+06	7.1084e+06	7.1564e+06	7.1349e+06	7.5547e+06	7.5546e+06	8.0354e+06	8.3143e+06	8.9398e+06	9.159e+06	7.4986e+06	6.3092e+06	0	0	0	0	0	0	0	0	0	0	0	0	0	0	0	0	0	0	0	0	0	0	0	0	0	0	0	0	0	6.771e+06	7.8128e+06	8.5614e+06	9.2253e+06	9.2771e+06	8.9296e+06	8.8029e+06	8.5261e+06	8.379e+06	7.7679e+06	7.3133e+06	6.6725e+06	6.1125e+06
9.7913e+06	9.2125e+06	8.5607e+06	7.5753e+06	7.1974e+06	6.3114e+06	0	0	0	0	0	0	0	0	0	0	0	0	0	0	0	0	0	0	0	0	0	0	0	0	0	0	0	0	6.5778e+06	7.1505e+06	7.8851e+06	7.4419e+06	7.517e+06	7.024e+06	7.2741e+06	6.7612e+06	7.5052e+06	8.2011e+06	8.3556e+06	8.9357e+06	9.0035e+06	8.624e+06	9.2621e+06	9.7229e+06	9.3428e+06	9.7387e+06	9.1701e+06	8.8251e+06	9.0798e+06	9.3659e+06	8.4102e+06	7.274e+06	6.5631e+06	6.1515e+06	0	0	0	0	0	0	0	0	0	0	0	0	0	0	0	0	0	0	0	0	0	0	0	0	0	0	0	0	0	6.2074e+06	6.4276e+06	7.1831e+06	7.5149e+06	7.9375e+06	8.2677e+06	8.7332e+06	9.4379e+06	9.6017e+06	9.2541e+06	7.9038e+06
7.5207e+06	6.4338e+06	6.2509e+06	0	0	0	0	0	0	0	0	0	0	0	0	0	0	0	0	0	0	0	0	0	0	0	0	0	0	0	0	0	0	0	6.4093e+06	7.6699e+06	9.0729e+06	9.2339e+06	8.516e+06	7.9045e+06	9.0813e+06	8.5695e+06	9.3138e+06	9.8482e+06	9.7288e+06	9.2734e+06	9.2228e+06	9.1836e+06	8.4692e+06	8.8869e+06	8.4978e+06	8.9338e+06	8.5773e+06	9.1319e+06	9.4119e+06	9.5824e+06	9.4845e+06	9.379e+06	8.9215e+06	7.8112e+06	7.4502e+06	6.9119e+06	6.7159e+06	0	0	0	0	0	0	0	0	0	0	0	0	0	0	0	0	0	0	0	0	0	0	0	0	0	0	0	0	0	0	0	6.1732e+06	6.3671e+06	7.1945e+06	8.0305e+06	9.5961e+06	9.9622e+06
0	0	0	0	0	0	0	0	0	0	0	0	0	0	0	0	0	0	0	0	0	0	0	0	0	0	0	0	0	0	0	0	0	0	6.6152e+06	8.6808e+06	9.0944e+06	8.4435e+06	8.1262e+06	7.6849e+06	7.6249e+06	7.2576e+06	7.5629e+06	7.027e+06	7.3433e+06	7.1128e+06	6.9868e+06	7.0392e+06	6.5531e+06	6.7502e+06	6.687e+06	6.5699e+06	6.7062e+06	6.7506e+06	7.7841e+06	8.1674e+06	8.8017e+06	9.451e+06	9.8932e+06	9.6582e+06	9.0767e+06	8.4772e+06	8.099e+06	7.8613e+06	7.7284e+06	7.2955e+06	6.3939e+06	6.3957e+06	0	0	0	0	6.2903e+06	6.7122e+06	6.5379e+06	6.7186e+06	6.7844e+06	6.4127e+06	0	0	0	0	0	0	0	0	0	0	0	0	0	0	0	0	0	0	0	6.3424e+06	7.157e+06	8.4345e+06
0	0	0	0	0	0	0	0	0	0	0	0	0	0	0	0	0	0	0	0	0	0	0	0	0	0	0	0	0	0	0	0	0	0	6.9799e+06	8.7754e+06	8.5888e+06	6.8977e+06	6.2893e+06	0	0	0	0	0	0	0	0	0	0	0	0	0	0	0	0	6.396e+06	7.5434e+06	9.275e+06	9.25e+06	8.9237e+06	8.8615e+06	8.5617e+06	8.4127e+06	8.6462e+06	8.3631e+06	7.8323e+06	7.6861e+06	7.1671e+06	7.9823e+06	7.1266e+06	7.6779e+06	7.4945e+06	7.8037e+06	7.7917e+06	7.7102e+06	7.459e+06	6.746e+06	0	0	0	0	0	0	0	0	0	0	0	0	0	0	0	0	0	0	0	0	0	0	6.4875e+06
0	0	0	0	0	0	0	0	0	0	0	0	0	0	0	0	0	0	0	0	0	0	0	0	0	0	0	0	0	0	0	0	0	0	7.1158e+06	9.3115e+06	7.428e+06	6.1532e+06	0	0	0	0	0	0	0	0	0	0	0	0	0	0	0	0	0	0	6.5869e+06	7.7497e+06	8.8069e+06	7.9639e+06	7.339e+06	7.6698e+06	6.742e+06	6.4649e+06	6.8014e+06	6.951e+06	7.2346e+06	6.4398e+06	7.1132e+06	7.2609e+06	7.3335e+06	7.7328e+06	8.2752e+06	8.0379e+06	7.6373e+06	7.496e+06	6.7689e+06	0	0	0	0	0	0	0	0	0	0	0	0	0	0	0	0	0	0	0	0	0	0	0
0	0	0	0	0	0	0	0	0	0	0	0	0	0	0	0	0	0	0	0	0	0	0	0	0	0	0	0	0	0	0	0	0	0	7.6697e+06	9.4308e+06	7.309e+06	0	0	0	0	0	0	0	0	0	0	0	0	0	0	0	0	0	0	0	0	7.2771e+06	8.6186e+06	7.6885e+06	0	0	0	0	0	0	0	0	0	0	0	0	6.5811e+06	7.004e+06	7.2541e+06	7.018e+06	6.5602e+06	0	0	0	0	0	0	0	0	0	0	0	0	0	0	0	0	0	0	0	0	0	0	0
0	0	0	0	0	0	0	0	0	0	0	0	0	0	0	0	0	0	0	0	0	0	0	0	0	0	0	0	0	0	0	0	0	6.2167e+06	8.4768e+06	9.0784e+06	0	0	0	0	0	0	0	0	0	0	0	0	0	0	0	0	0	0	0	0	0	6.9405e+06	7.7771e+06	6.5602e+06	0	0	0	0	0	0	0	0	0	0	0	0	0	0	6.249e+06	6.9162e+06	6.8753e+06	6.1272e+06	0	0	0	0	0	0	0	0	0	0	0	0	0	0	0	0	0	0	0	0	0	0
0	0	0	0	0	0	0	0	0	0	0	0	0	0	0	0	0	0	0	0	0	0	0	0	0	0	0	0	0	0	0	0	0	6.3785e+06	9.1477e+06	7.3049e+06	0	0	0	0	0	0	0	0	0	0	0	0	0	0	0	0	0	0	0	0	0	7.6577e+06	8.4966e+06	0	0	0	0	0	0	0	0	0	0	0	0	0	0	0	0	0	6.4083e+06	0	0	0	0	0	0	0	0	0	0	0	0	0	0	0	0	0	0	0	0	0	0	0
0	0	0	0	0	0	0	0	0	0	0	0	0	0	0	0	0	0	0	0	0	0	0	0	0	0	0	0	0	0	0	0	0	6.6037e+06	8.4367e+06	6.6561e+06	0	0	0	0	0	0	0	0	0	0	0	0	0	0	0	0	0	0	0	0	0	7.8276e+06	7.628e+06	0	0	0	0	0	0	0	0	0	0	0	0	0	0	0	0	0	6.0944e+06	6.3964e+06	0	0	0	0	0	0	0	0	0	0	0	0	0	0	0	0	0	0	0	0	0	0
0	0	0	0	0	0	0	0	0	0	0	0	0	0	0	0	0	0	0	0	0	0	0	0	0	0	0	0	0	0	0	0	0	6.9975e+06	9.1918e+06	0	0	0	0	0	0	0	0	0	0	0	0	0	0	0	0	0	0	0	0	0	6.165e+06	8.0603e+06	7.8123e+06	0	0	0	0	0	0	0	0	0	0	0	0	0	0	0	0	0	6.1643e+06	6.3633e+06	0	0	0	0	0	0	0	0	0	0	0	0	0	0	0	0	0	0	0	0	0	0
0	0	0	0	0	0	0	0	0	0	0	0	0	0	0	0	0	0	0	0	0	0	0	0	0	0	0	0	0	0	0	0	0	7.7604e+06	7.2777e+06	0	0	0	0	0	0	0	0	0	0	0	0	0	0	0	0	0	0	0	0	0	6.54e+06	8.9352e+06	7.4656e+06	0	0	0	0	0	0	0	0	0	0	0	0	0	0	0	0	0	0	6.3501e+06	0	0	0	0	0	0	0	0	0	0	0	0	0	0	0	0	0	0	0	0	0	0
0	0	0	0	0	0	0	0	0	0	0	0	0	0	0	0	0	0	0	0	0	0	0	0	0	0	0	0	0	0	0	0	6.8013e+06	8.4487e+06	7.4172e+06	0	0	0	0	0	0	0	0	0	0	0	0	0	0	0	0	0	0	0	0	0	6.6689e+06	9.1404e+06	7.9677e+06	0	0	0	0	0	0	0	0	0	0	0	0	0	0	0	0	0	0	6.4894e+06	6.5739e+06	0	0	0	0	0	0	0	0	0	0	0	0	0	0	0	0	0	0	0	0	0
0	0	0	0	0	0	0	0	0	0	0	0	0	0	0	0	0	0	0	0	0	0	0	0	0	0	0	0	0	0	0	0	7.7442e+06	8.7527e+06	6.579e+06	0	0	0	0	0	0	0	0	0	0	0	0	0	0	0	0	0	0	0	0	0	7.0324e+06	9.7303e+06	7.5373e+06	0	0	0	0	0	0	0	0	0	0	0	0	0	0	0	0	0	0	6.4526e+06	7.0642e+06	0	0	0	0	0	0	0	0	0	0	0	0	0	0	0	0	0	0	0	0	0
0	0	0	0	0	0	0	0	0	0	0	0	0	0	0	0	0	0	0	0	0	0	0	0	0	0	0	0	0	0	0	6.1362e+06	7.8011e+06	8.6984e+06	0	0	0	0	0	0	0	0	0	0	0	0	0	0	0	0	0	0	0	0	0	0	7.1476e+06	9.7983e+06	7.5103e+06	0	0	0	0	0	0	0	0	0	0	0	0	0	0	0	0	0	0	0	6.3933e+06	0	0	0	0	0	0	0	0	0	0	0	0	0	0	0	0	0	0	0	0	0
0	0	0	0	0	0	0	0	0	0	0	0	0	0	0	0	0	0	0	0	0	0	0	0	0	0	0	0	0	0	0	6.617e+06	8.4952e+06	8.7246e+06	0	0	0	0	0	0	0	0	0	0	0	0	0	0	0	0	0	0	0	0	0	0	7.6109e+06	9.7378e+06	7.7108e+06	0	0	0	0	0	0	0	0	0	0	0	0	0	0	0	0	0	0	0	6.2128e+06	0	0	0	0	0	0	0	0	0	0	0	0	0	0	0	0	0	0	0	0	0
0	0	0	0	0	0	0	0	0	0	0	0	0	0	0	0	0	0	0	0	0	0	0	0	0	0	0	0	0	0	0	6.4018e+06	8.8813e+06	7.2051e+06	0	0	0	0	0	0	0	0	0	0	0	0	0	0	0	0	0	0	0	0	0	0	8.1076e+06	9.9126e+06	7.6066e+06	0	0	0	0	0	0	0	0	0	0	0	0	0	0	0	0	0	0	0	0	0	0	0	0	0	0	0	0	0	0	0	0	0	0	0	0	0	0	0	0	0
0	0	0	0	0	0	0	0	0	0	0	0	0	0	0	0	0	0	0	0	0	0	0	0	0	0	0	0	0	0	0	7.8932e+06	8.57e+06	6.9035e+06	0	0	0	0	0	0	0	0	0	0	0	0	0	0	0	0	0	0	0	0	0	0	7.9753e+06	1.0396e+07	7.5678e+06	0	0	0	0	0	0	0	0	0	0	0	0	0	0	0	0	0	0	0	0	0	0	0	0	0	0	0	0	0	0	0	0	0	0	0	0	0	0	0	0	0
0	0	0	0	0	0	0	0	0	0	0	0	0	0	0	0	0	0	0	0	0	0	0	0	0	0	0	0	0	0	6.2916e+06	7.8443e+06	8.3263e+06	6.2336e+06	0	0	0	0	0	0	0	0	0	0	0	0	0	0	0	0	0	0	0	0	0	0	7.5876e+06	1.0472e+07	8.1013e+06	0	0	0	0	0	0	0	0	0	0	0	0	0	0	0	0	0	0	0	0	0	0	0	0	0	0	0	0	0	0	0	0	0	0	0	0	0	0	0	0	0
0	0	0	0	0	0	0	0	0	0	0	0	0	0	0	0	0	0	0	0	0	0	0	0	0	0	0	0	0	0	6.3085e+06	8.2886e+06	8.178e+06	0	0	0	0	0	0	0	0	0	0	0	0	0	0	0	0	0	0	0	0	0	0	0	7.899e+06	9.9425e+06	7.5634e+06	0	0	0	0	0	0	0	0	0	0	0	0	0	0	0	0	0	0	0	0	0	6.4946e+06	0	0	0	0	0	0	0	0	0	0	0	0	0	0	0	0	0	0	0
0	0	0	0	0	0	0	0	0	0	0	0	0	0	0	0	0	0	0	0	0	0	0	0	0	0	0	0	0	0	6.8803e+06	8.5271e+06	6.9048e+06	0	0	0	0	0	0	0	0	0	0	0	0	0	0	0	0	0	0	0	0	0	0	0	7.9352e+06	1.0401e+07	7.7143e+06	0	0	0	0	0	0	0	0	0	0	0	0	0	0	0	0	0	0	0	0	0	6.9684e+06	6.2983e+06	0	0	0	0	0	0	0	0	0	0	0	0	0	0	0	0	0	0
0	0	0	0	0	0	0	0	0	0	0	0	0	0	0	0	0	0	0	0	0	0	0	0	0	0	0	0	0	0	7.3549e+06	8.0557e+06	0	0	0	0	0	0	0	0	0	0	0	0	0	0	0	0	0	0	0	0	0	0	0	0	7.703e+06	1.0665e+07	7.9682e+06	0	0	0	0	0	0	0	0	0	0	0	0	0	0	0	0	0	0	0	6.4208e+06	0	6.7544e+06	7.4074e+06	6.4975e+06	6.6143e+06	7.2648e+06	7.2562e+06	8.2605e+06	8.3616e+06	7.9927e+06	7.7778e+06	7.7367e+06	7.572e+06	7.3436e+06	7.0619e+06	6.5595e+06	6.4482e+06	6.2558e+06	0	0	0
6.6315e+06	6.4461e+06	0	0	0	0	0	0	0	0	0	0	0	0	0	0	0	0	0	0	0	0	0	0	0	0	0	0	0	0	7.7084e+06	7.9326e+06	0	0	0	0	0	0	0	0	0	0	0	0	0	0	0	0	0	0	0	0	0	0	0	0	7.6065e+06	1.0448e+07	8.0298e+06	0	0	0	0	0	0	0	0	0	0	0	0	0	0	0	0	0	0	0	6.6531e+06	6.759e+06	7.2708e+06	7.7789e+06	8.8897e+06	9.5944e+06	1.0139e+07	1.1117e+07	1.1342e+07	1.1748e+07	1.1011e+07	1.1016e+07	1.0501e+07	1.0496e+07	1.0417e+07	9.9076e+06	9.0869e+06	8.5997e+06	7.5677e+06	7.3057e+06	6.7504e+06	6.3237e+06
6.5926e+06	6.6855e+06	6.5941e+06	0	0	0	0	0	0	0	0	0	0	0	0	0	0	0	0	0	0	0	0	0	0	0	0	0	0	0	6.82e+06	6.2056e+06	0	0	0	0	0	0	0	0	0	0	0	0	0	0	0	0	0	0	0	0	0	0	0	0	7.5908e+06	1.063e+07	7.87e+06	0	0	0	0	0	0	0	0	0	0	0	0	0	0	0	0	0	0	0	6.7041e+06	7.308e+06	7.4849e+06	8.5397e+06	8.9673e+06	8.9254e+06	9.3088e+06	9.8668e+06	1.0087e+07	1.0201e+07	9.6045e+06	1.02e+07	1.105e+07	1.1771e+07	1.2262e+07	1.2055e+07	1.1406e+07	1.0518e+07	9.9577e+06	9.4077e+06	8.8661e+06	8.1763e+06
6.7591e+06	7.1151e+06	6.8387e+06	6.8992e+06	6.3213e+06	0	0	0	0	0	0	0	0	0	0	0	0	0	0	0	0	0	0	0	0	0	0	0	0	0	7.8989e+06	0	0	0	0	0	0	0	0	0	0	0	0	0	0	0	0	0	0	0	0	0	0	0	0	0	7.7893e+06	1.0253e+07	7.881e+06	0	0	0	0	0	0	0	0	0	0	0	0	0	0	0	0	0	0	0	6.8143e+06	7.0846e+06	8.0916e+06	7.6391e+06	7.3498e+06	7.0863e+06	6.9727e+06	6.7872e+06	7.0237e+06	7.3208e+06	7.869e+06	7.6573e+06	8.0919e+06	9.0728e+06	9.6065e+06	1.0438e+07	1.1231e+07	1.202e+07	1.1981e+07	1.122e+07	1.0974e+07	1.0474e+07
6.9612e+06	6.8046e+06	7.0343e+06	7.0911e+06	7.0466e+06	6.6695e+06	6.5477e+06	0	0	0	0	0	0	0	0	0	0	0	0	0	0	0	0	0	0	0	0	0	0	6.7622e+06	7.0687e+06	0	0	0	0	0	0	0	0	0	0	0	0	0	0	0	0	0	0	0	0	0	0	0	0	0	7.4331e+06	9.8874e+06	7.4474e+06	0	0	0	0	0	0	0	0	0	0	0	0	0	0	0	0	0	0	0	7.0379e+06	7.0456e+06	7.5525e+06	6.8859e+06	0	0	0	0	0	0	0	0	6.5779e+06	6.6445e+06	7.5124e+06	7.8152e+06	8.3534e+06	8.9651e+06	9.8893e+06	1.0604e+07	1.1154e+07	1.1747e+07
7.0306e+06	7.1362e+06	6.9907e+06	6.9783e+06	7.0296e+06	7.0846e+06	7.4333e+06	6.9878e+06	7.1254e+06	6.4853e+06	0	0	0	0	0	0	0	0	0	0	0	0	0	0	0	0	0	0	6.1487e+06	7.366e+06	7.5805e+06	0	0	0	0	0	0	0	0	0	0	0	0	0	0	0	0	0	0	0	0	0	0	0	0	0	7.4994e+06	1.0329e+07	7.5999e+06	0	0	0	0	0	0	0	0	0	0	0	0	0	0	0	0	0	0	0	6.4593e+06	7.1025e+06	6.9573e+06	0	0	0	0	0	0	0	0	0	0	0	0	6.388e+06	6.3971e+06	6.903e+06	7.5937e+06	8.1654e+06	8.6812e+06	9.0099e+06
6.1911e+06	6.3813e+06	6.2366e+06	6.5453e+06	7.0894e+06	7.166e+06	7.4713e+06	7.1531e+06	7.4612e+06	7.2321e+06	7.1886e+06	6.7203e+06	6.0912e+06	0	0	0	0	0	0	0	0	0	0	0	0	0	0	6.3398e+06	7.4448e+06	7.0528e+06	6.7812e+06	0	0	0	0	0	0	0	0	0	0	0	0	0	0	0	0	0	0	0	0	0	0	0	0	0	7.6482e+06	1.0474e+07	7.2928e+06	0	0	0	0	0	0	0	0	0	0	0	0	0	0	0	0	0	0	0	6.662e+06	6.8398e+06	6.1683e+06	0	0	0	0	0	0	0	0	0	0	0	0	0	0	0	0	6.369e+06	7.0691e+06	7.6783e+06
0	0	0	0	6.1696e+06	6.1669e+06	6.8062e+06	7.1178e+06	7.1552e+06	7.3829e+06	7.2853e+06	7.4362e+06	7.1727e+06	6.8297e+06	6.622e+06	6.3013e+06	6.3015e+06	0	0	0	0	0	0	0	0	0	0	0	0	0	0	0	0	0	0	0	0	0	0	0	0	0	0	0	0	0	0	0	0	0	0	0	0	0	0	0	7.4217e+06	1.0239e+07	7.5941e+06	0	0	0	0	0	0	0	0	0	0	0	0	0	0	0	0	0	0	6.1724e+06	6.8765e+06	6.7611e+06	0	0	0	0	0	0	0	0	0	0	0	0	0	0	0	0	0	0	0	6.1619e+06
0	0	0	0	0	0	0	6.7011e+06	7.2567e+06	7.5477e+06	7.1662e+06	7.3518e+06	7.1587e+06	7.1391e+06	7.4146e+06	7.3656e+06	7.1199e+06	6.233e+06	0	0	0	0	6.2142e+06	6.7331e+06	0	0	0	0	0	0	0	0	0	0	0	0	0	0	0	0	0	0	0	0	0	0	0	0	0	0	0	0	0	0	0	0	7.0838e+06	1.0851e+07	7.558e+06	0	0	0	0	0	0	0	0	0	0	0	0	0	0	0	0	0	0	6.5525e+06	6.8735e+06	6.8405e+06	0	0	0	0	0	0	0	0	0	0	0	0	0	0	0	0	0	0	0	0
0	0	0	0	0	0	0	0	0	6.5824e+06	7.2442e+06	6.9868e+06	7.6802e+06	7.2596e+06	6.988e+06	6.8914e+06	0	6.6269e+06	0	0	0	6.3729e+06	6.9915e+06	0	0	0	0	0	0	0	0	0	0	0	0	0	0	0	0	0	0	0	0	0	0	0	0	0	0	0	0	0	0	0	0	0	7.1192e+06	1.0688e+07	7.8666e+06	0	0	0	0	0	0	0	0	0	0	0	0	0	0	0	0	0	0	6.8253e+06	7.1384e+06	6.3628e+06	0	0	0	0	0	0	0	0	0	0	0	0	0	0	0	0	0	0	0	0
0	0	0	0	0	0	0	0	0	0	0	7.2743e+06	8.0517e+06	7.8424e+06	7.6534e+06	7.4118e+06	0	0	0	0	0	0	0	0	0	0	0	0	0	0	0	0	0	0	0	0	0	0	0	0	0	0	0	0	0	0	0	0	0	0	0	0	0	0	0	0	7.1357e+06	1.0514e+07	8.0094e+06	0	0	0	0	0	0	0	0	0	0	0	0	0	0	0	0	0	0	7.2101e+06	6.9992e+06	0	0	0	0	0	0	0	0	0	0	0	0	0	0	0	0	0	0	0	0	0
0	0	0	0	0	0	0	0	0	0	0	6.5143e+06	6.8529e+06	8.4082e+06	8.1e+06	0	6.2064e+06	0	0	0	0	0	0	0	0	0	0	0	0	0	0	0	0	0	0	0	0	0	0	0	0	0	0	0	0	0	0	0	0	0	0	0	0	0	0	0	6.6312e+06	1.0293e+07	7.4186e+06	0	0	0	0	0	0	0	0	0	0	0	0	0	0	0	0	0	6.2315e+06	7.1299e+06	7.1199e+06	0	0	0	0	0	0	0	0	0	0	0	0	0	0	0	0	0	0	0	0	0
0	0	0	0	0	0	0	0	0	0	0	0	7.3225e+06	8.4928e+06	9.5074e+06	7.1603e+06	0	0	0	0	0	0	0	0	0	0	0	0	0	0	0	0	0	0	0	0	0	0	0	0	0	0	0	0	0	0	0	0	0	0	0	0	0	0	0	0	6.5648e+06	1.0282e+07	7.7743e+06	0	0	0	0	0	0	0	0	0	0	0	0	0	0	0	0	0	6.8067e+06	7.3736e+06	6.6739e+06	0	0	0	0	0	0	0	0	0	0	0	0	0	0	0	0	0	0	0	0	0
0	0	0	0	0	0	0	0	0	0	0	0	6.7162e+06	8.8657e+06	8.9135e+06	7.5608e+06	0	0	0	0	0	0	0	0	0	0	0	0	0	0	0	0	0	0	0	0	0	0	0	0	0	0	0	0	0	0	0	0	0	0	0	0	0	0	0	0	6.5483e+06	9.8163e+06	7.8171e+06	0	0	0	0	0	0	0	0	0	0	0	0	0	0	0	0	0	7.0614e+06	7.0935e+06	6.28e+06	0	0	0	0	0	0	0	0	0	0	0	0	0	0	0	0	0	0	0	0	0
0	0	0	0	0	0	0	0	0	0	0	0	6.7398e+06	8.9207e+06	8.4356e+06	6.5502e+06	0	0	0	0	0	0	0	0	0	0	0	0	0	0	0	0	0	0	0	0	0	0	0	0	0	0	0	0	0	0	0	0	0	0	0	0	0	0	0	0	6.696e+06	1.0371e+07	7.7484e+06	0	0	0	0	0	0	0	0	0	0	0	0	0	0	0	0	6.3666e+06	7.1362e+06	6.953e+06	0	0	0	0	0	0	0	0	0	0	0	0	0	0	0	0	0	0	0	0	0	0
0	0	0	0	0	0	0	0	0	0	0	0	7.119e+06	9.2828e+06	8.4006e+06	0	0	0	0	0	0	0	0	0	0	0	0	0	0	0	0	0	0	0	0	0	0	0	0	0	0	0	0	0	0	0	0	0	0	0	0	0	0	0	0	0	6.9055e+06	1.0056e+07	7.7599e+06	0	0	0	0	0	0	0	0	0	0	0	0	0	0	0	0	6.5415e+06	6.9293e+06	6.444e+06	0	0	0	0	0	0	0	0	0	0	0	0	0	0	0	0	0	0	0	0	0	0
0	0	0	0	0	0	0	0	0	0	0	0	7.731e+06	1.0339e+07	7.4519e+06	0	0	0	0	0	0	0	0	0	0	0	0	0	0	0	0	0	0	0	0	0	0	0	0	0	0	0	0	0	0	0	0	0	0	0	0	0	0	0	0	0	6.4097e+06	9.4237e+06	7.7286e+06	0	0	0	0	0	0	0	0	0	0	0	0	0	0	0	0	7.0814e+06	7.2561e+06	0	0	0	0	0	0	0	0	0	0	0	0	0	0	0	0	0	0	0	0	0	0	0
0	0	0	0	0	0	0	0	0	0	0	0	8.1046e+06	9.2952e+06	7.0764e+06	0	0	0	0	0	0	0	0	0	0	0	0	0	0	0	0	0	0	0	0	0	0	0	0	0	0	0	0	0	0	0	0	0	0	0	0	0	0	0	0	0	0	9.812e+06	7.8033e+06	0	0	0	0	0	0	0	0	0	0	0	0	0	0	0	6.446e+06	7.0764e+06	6.7068e+06	0	0	0	0	0	0	0	0	0	0	0	0	0	0	0	0	0	0	0	0	0	0	0
0	0	0	0	0	0	0	0	0	0	0	0	8.2976e+06	1.0265e+07	7.3788e+06	0	0	0	0	0	0	0	0	0	0	0	0	0	0	0	0	0	0	0	0	0	0	0	0	0	0	0	0	0	0	0	0	0	0	0	0	0	0	0	0	0	6.2885e+06	9.6451e+06	7.6545e+06	0	0	0	0	0	0	0	0	0	0	0	0	0	0	0	6.7932e+06	7.0208e+06	6.2251e+06	0	0	0	0	0	0	0	0	0	0	0	0	0	0	0	0	0	0	0	0	0	0	0
0	0	0	0	0	0	0	0	0	0	6.1319e+06	7.4507e+06	9.6511e+06	1.0633e+07	7.1767e+06	0	0	0	0	0	0	0	0	0	0	0	0	0	0	0	0	0	0	0	0	0	0	0	0	0	0	0	0	0	0	0	0	0	0	0	0	0	0	0	0	0	6.2679e+06	9.5061e+06	7.8579e+06	0	0	0	0	0	0	0	0	0	0	0	0	0	0	0	6.8771e+06	6.6902e+06	0	0	0	0	0	0	0	0	0	0	0	0	0	0	0	0	0	0	0	0	0	0	0	0
0	0	0	0	0	0	0	0	0	0	6.1915e+06	7.8017e+06	9.816e+06	1.0202e+07	6.9914e+06	0	0	0	0	0	0	0	0	0	0	0	0	0	0	0	0	0	0	0	0	0	0	0	0	0	6.2103e+06	0	0	0	0	0	0	0	0	0	0	0	0	0	0	0	6.3013e+06	9.4906e+06	7.7303e+06	0	0	0	0	0	0	0	0	0	0	0	0	0	0	6.1713e+06	6.9384e+06	0	0	0	0	0	0	0	0	0	0	0	0	0	0	0	0	0	0	0	0	0	0	0	0	0
0	0	0	0	0	0	0	0	0	0	6.4918e+06	8.2433e+06	9.9457e+06	1.0558e+07	7.2169e+06	0	0	0	0	0	0	0	0	0	0	0	0	0	0	0	0	0	0	0	0	0	0	0	0	0	6.4541e+06	6.3596e+06	0	0	0	0	0	0	0	0	0	0	0	0	0	0	6.9473e+06	9.57e+06	7.5933e+06	0	0	0	0	0	0	0	0	0	0	0	0	0	0	6.6499e+06	6.8191e+06	0	0	0	0	0	0	0	0	0	0	0	0	0	0	0	0	0	0	0	0	0	0	0	0	0
0	0	0	0	0	0	0	0	0	0	6.7824e+06	8.351e+06	1.0419e+07	9.5626e+06	6.7149e+06	0	0	0	0	0	0	0	0	0	0	0	0	0	0	0	0	0	0	0	0	0	0	0	0	0	6.2936e+06	6.5193e+06	6.3469e+06	0	0	0	0	0	0	0	0	0	0	0	0	0	8.1794e+06	9.5825e+06	7.7908e+06	0	0	0	0	0	0	0	0	0	0	0	0	0	6.4838e+06	6.8723e+06	6.6482e+06	0	0	0	0	0	0	0	0	0	0	0	0	0	0	0	0	0	0	0	0	0	0	0	0	0
0	0	0	0	0	0	0	0	0	0	7.2859e+06	9.0625e+06	1.0963e+07	9.4131e+06	7.1567e+06	0	0	0	0	0	0	0	0	0	0	0	0	0	0	0	0	0	0	0	0	0	0	0	0	0	0	6.509e+06	6.9211e+06	6.7691e+06	0	0	0	0	0	0	0	0	0	0	0	6.5421e+06	8.084e+06	8.9512e+06	7.6755e+06	0	0	0	0	0	0	0	0	0	0	0	0	6.2013e+06	6.8007e+06	7.1307e+06	0	0	0	0	0	0	0	0	0	0	0	0	0	0	0	0	0	0	0	0	0	0	0	0	0	0
0	0	0	0	0	0	0	0	0	0	7.8108e+06	9.4228e+06	1.0674e+07	8.7123e+06	6.2854e+06	0	0	0	0	0	0	0	0	0	0	0	0	0	0	0	0	0	0	0	0	0	0	0	0	0	6.5127e+06	6.6612e+06	7.211e+06	7.2824e+06	6.9381e+06	6.9084e+06	6.4532e+06	6.3203e+06	6.3265e+06	0	6.4364e+06	6.4684e+06	6.5847e+06	6.7316e+06	6.8021e+06	7.5876e+06	8.4171e+06	9.0719e+06	7.9066e+06	6.4094e+06	0	0	0	0	0	0	0	0	0	0	0	6.8604e+06	6.8795e+06	6.7646e+06	0	0	0	0	0	0	0	0	0	0	0	0	0	0	0	0	0	0	0	0	0	0	0	0	0	0
0	0	0	0	0	0	0	0	0	6.3798e+06	8.0257e+06	9.8333e+06	9.5974e+06	7.991e+06	6.3841e+06	0	0	0	0	0	0	0	0	0	0	0	0	0	0	0	0	0	0	0	0	0	0	0	0	0	6.519e+06	7.2147e+06	6.8277e+06	7.3322e+06	7.0069e+06	6.9363e+06	7.054e+06	7.4751e+06	7.3871e+06	7.6367e+06	7.3872e+06	7.7476e+06	7.8697e+06	7.5962e+06	7.87e+06	8.238e+06	8.4635e+06	8.5864e+06	7.9878e+06	7.3001e+06	6.4749e+06	0	0	0	0	0	0	0	0	0	6.5905e+06	6.7673e+06	6.9291e+06	6.5351e+06	0	0	0	0	0	0	0	0	0	0	0	0	0	0	0	0	0	0	0	0	0	0	0	0	0	0
0	0	0	0	0	0	0	0	0	6.6288e+06	7.8976e+06	9.4149e+06	1.0118e+07	7.9676e+06	6.4335e+06	0	0	0	0	0	0	0	0	0	0	0	0	0	0	0	0	0	0	0	0	0	0	0	0	0	6.8332e+06	7.6191e+06	7.3991e+06	7.25e+06	6.9246e+06	7.1028e+06	7.2637e+06	7.4483e+06	7.222e+06	7.0292e+06	7.6138e+06	7.3303e+06	7.4076e+06	7.4065e+06	7.1965e+06	7.3723e+06	7.7701e+06	7.9939e+06	7.5351e+06	7.3888e+06	7.5353e+06	7.3602e+06	6.7248e+06	6.4104e+06	6.4311e+06	6.1603e+06	6.1458e+06	0	6.3048e+06	6.4411e+06	6.6509e+06	7.0421e+06	7.0456e+06	6.2047e+06	0	0	0	0	0	0	0	0	0	0	0	0	0	0	0	0	0	0	0	0	0	0	0	0	0	0
0	0	0	0	0	0	0	0	0	6.6748e+06	7.9238e+06	9.6445e+06	1.0584e+07	8.1003e+06	6.2785e+06	0	0	0	0	0	0	0	0	0	0	0	0	0	0	0	0	0	0	0	0	0	0	0	0	0	7.4794e+06	7.5755e+06	8.2204e+06	8.0882e+06	7.9496e+06	7.7968e+06	7.6418e+06	7.0223e+06	7.1846e+06	6.965e+06	7.661e+06	7.84e+06	7.5653e+06	7.3205e+06	7.5059e+06	7.3294e+06	7.2872e+06	7.0566e+06	8.1644e+06	7.0448e+06	7.4221e+06	7.2682e+06	7.3851e+06	7.1535e+06	7.1573e+06	6.9495e+06	6.7202e+06	6.6824e+06	6.7971e+06	6.7702e+06	6.8282e+06	7.0372e+06	7.0247e+06	0	0	0	0	0	0	0	0	0	0	0	0	0	0	0	0	0	0	0	0	0	0	0	0	0	0	0
0	0	0	0	0	0	0	0	0	6.8802e+06	8.9019e+06	1.1103e+07	1.0508e+07	7.8186e+06	0	0	0	0	0	0	0	0	0	0	0	0	0	0	0	0	0	0	0	0	0	0	0	0	0	0	7.5643e+06	8.4434e+06	8.6333e+06	8.5154e+06	7.8382e+06	7.11e+06	6.6082e+06	6.3877e+06	6.4936e+06	6.705e+06	6.7268e+06	7.1135e+06	7.0126e+06	6.7427e+06	6.8398e+06	7.0944e+06	7.2369e+06	7.4599e+06	7.317e+06	7.39e+06	7.4162e+06	7.0196e+06	6.9949e+06	7.3861e+06	7.1085e+06	7.0511e+06	7.0347e+06	6.6994e+06	6.8696e+06	6.94e+06	6.83e+06	7.2077e+06	6.9786e+06	0	0	0	0	0	0	0	0	0	0	0	0	0	0	0	0	0	0	0	0	0	0	0	0	0	0	0
0	0	0	0	0	0	0	0	0	6.8105e+06	9.8905e+06	1.1637e+07	9.8231e+06	7.8307e+06	6.1566e+06	0	0	0	0	0	0	0	0	0	0	0	0	0	0	0	0	0	0	0	0	0	0	0	0	6.4036e+06	8.2421e+06	8.8104e+06	8.4935e+06	8.0544e+06	6.9377e+06	6.5381e+06	0	0	0	6.1071e+06	0	6.1242e+06	0	0	6.5373e+06	0	6.3039e+06	6.6267e+06	6.812e+06	7.0577e+06	7.0279e+06	7.2816e+06	7.3581e+06	7.4648e+06	7.3886e+06	7.2782e+06	7.2467e+06	7.0702e+06	7.0893e+06	6.8893e+06	7.0089e+06	7.426e+06	6.8099e+06	0	0	0	0	0	0	0	0	0	0	0	0	0	0	0	0	0	0	0	0	0	0	0	0	0	0	0
0	0	0	0	0	0	0	0	6.7205e+06	7.5653e+06	1.0029e+07	1.1792e+07	9.2218e+06	7.8118e+06	6.2777e+06	0	0	0	0	0	0	0	0	0	0	0	0	0	0	0	0	0	0	0	0	0	0	0	0	6.897e+06	8.4188e+06	8.7431e+06	8.0554e+06	7.3348e+06	0	0	0	0	0	0	0	0	0	0	0	0	0	0	6.0924e+06	0	6.2774e+06	6.493e+06	6.6073e+06	6.8058e+06	6.7804e+06	6.7131e+06	6.8925e+06	6.9739e+06	6.978e+06	6.986e+06	7.0225e+06	7.257e+06	7.0356e+06	0	0	0	0	0	0	0	0	0	0	0	0	0	0	0	0	0	0	0	0	0	0	0	0	0	0	0
